,AM,AS,ED,HASA,HASA_ODD,HASH,HASH_ODD,HATD,HATD_ODD,HATU,HATU_ODD,LM,PG,PI,S1_a,S1_h,S2_a,S2_h,S3_a,S3_h,S4_a,S4_h,S5_a,S5_h,S6_a,S6_h,SC_a,SC_h,SU,TD,TM,TS,TT,TU,VC,WA_ODD,WH_ODD
0,,,3.0,-10.5,0.8695652173913043,10.5,0.8,138.5,0.8333333333333334,138.5,0.8333333333333334,,,,5.0,2.0,4.0,12.0,4.0,4.0,2.0,2.0,0.0,0.0,66.7,80.0,27,34,0,1,10.0,0.0,0,20181018022202,01083,0.14285714285714285,4.0
1,,,3.0,-10.5,0.8695652173913043,10.5,0.8,138.5,0.8333333333333334,138.5,0.8333333333333334,,,,5.0,2.0,4.0,12.0,4.0,4.0,2.0,2.0,0.0,0.0,66.7,80.0,27,34,0,1,10.0,0.0,0,20181018023701.0,01083,0.14285714285714285,4.0
2,,,3.0,-10.5,0.8695652173913043,10.5,0.8,138.5,0.8333333333333334,138.5,0.8333333333333334,,^,,5.0,2.0,4.0,12.0,4.0,4.0,2.0,2.0,0.0,0.0,66.7,80.0,27,34,0,1,10.0,0.0,1.0,20181018023702.0,01089^11077,0.14285714285714285,4.0
3,,,3.0,-10.5,0.8695652173913043,10.5,0.8,138.5,0.8333333333333334,138.5,0.8333333333333334,,,,5.0,2.0,4.0,12.0,4.0,4.0,2.0,2.0,0.0,0.0,66.7,80.0,27,34,0,1,9.0,58.0,1.0,20181018023703.0,21077.0,0.14285714285714285,4.0
4,,,3.0,-10.5,0.8695652173913043,10.5,0.8,137.5,0.8333333333333334,137.5,0.8333333333333334,,,,5.0,2.0,4.0,12.0,4.0,4.0,2.0,2.0,0.0,0.0,66.7,80.0,27,34,0,1,9.0,49.0,1.0,20181018023712.0,21077.0,0.14285714285714285,4.0
5,,,3.0,-10.5,0.8695652173913043,10.5,0.8,137.5,0.8333333333333334,137.5,0.8333333333333334,,,,5.0,2.0,4.0,12.0,4.0,4.0,2.0,2.0,0.0,0.0,66.7,80.0,27,34,0,1,9.0,48.0,1.0,20181018023713.0,11077.0,0.14285714285714285,4.0
6,,,3.0,-10.5,0.8695652173913043,10.5,0.8,136.5,0.8695652173913043,136.5,0.8,,,,5.0,2.0,4.0,12.0,4.0,4.0,2.0,2.0,0.0,0.0,66.7,80.0,27,34,0,1,9.0,40.0,1.0,20181018023721.0,11077.0,0.14285714285714285,4.0
7,,,3.0,-9.5,0.8,9.5,0.8695652173913043,136.5,0.8333333333333334,136.5,0.8333333333333334,,,,5.0,2.0,4.0,12.0,4.0,4.0,2.0,2.0,0.0,0.0,66.7,80.0,27,34,0,1,9.0,32.0,1.0,20181018023729.0,11077.0,0.14285714285714285,4.0
8,,,3.0,-10.5,0.8695652173913043,10.5,0.8,136.5,0.8,136.5,0.8695652173913043,,,,5.0,2.0,4.0,12.0,4.0,4.0,2.0,2.0,0.0,0.0,66.7,80.0,27,34,0,1,9.0,31.0,1.0,20181018023730.0,21077.0,0.13333333333333333,4.25
9,,,3.0,-10.5,0.8695652173913043,10.5,0.8,136.5,0.8,136.5,0.8695652173913043,,,,5.0,2.0,4.0,12.0,4.0,4.0,2.0,2.0,0.0,0.0,66.7,80.0,27,34,0,1,9.0,30.0,1.0,20181018023731.0,21077.0,0.13333333333333333,4.25
10,,,3.0,-10.5,0.8695652173913043,10.5,0.8,136.5,0.8,136.5,0.8695652173913043,,,,5.0,2.0,4.0,12.0,4.0,4.0,2.0,2.0,0.0,0.0,66.7,80.0,27,34,0,1,9.0,29.0,1.0,20181018023732.0,21077.0,0.13333333333333333,4.25
11,,,3.0,-9.5,0.8,9.5,0.8695652173913043,135.5,0.8333333333333334,135.5,0.8333333333333334,,,,5.0,2.0,4.0,12.0,4.0,4.0,2.0,2.0,0.0,0.0,66.7,80.0,27,34,0,1,9.0,21.0,1.0,20181018023740.0,11077.0,0.14285714285714285,4.0
12,,,3.0,-9.5,0.8,9.5,0.8695652173913043,134.5,0.8695652173913043,134.5,0.8,,,,5.0,2.0,4.0,12.0,4.0,4.0,2.0,2.0,0.0,0.0,66.7,80.0,27,34,0,1,9.0,12.0,1.0,20181018023748.0,11077.0,0.14285714285714285,4.0
13,,,3.0,-9.5,0.8,9.5,0.8695652173913043,134.5,0.8333333333333334,134.5,0.8333333333333334,,,,5.0,2.0,4.0,12.0,4.0,4.0,2.0,2.0,0.0,0.0,66.7,80.0,27,34,0,1,9.0,11.0,0.0,20181018023750.0,11077.0,0.14285714285714285,4.0
14,,,3.0,-9.5,0.8,9.5,0.8695652173913043,134.5,0.8333333333333334,134.5,0.8333333333333334,,,,5.0,2.0,4.0,12.0,4.0,4.0,2.0,2.0,0.0,0.0,66.7,80.0,27,34,0,1,9.0,10.0,0.0,20181018023800.0,11077.0,0.14285714285714285,4.0
15,,,3.0,-9.5,0.8,9.5,0.8695652173913043,134.5,0.8333333333333334,134.5,0.8333333333333334,,,,5.0,2.0,4.0,12.0,4.0,4.0,2.0,2.0,0.0,0.0,66.7,80.0,27,34,0,1,9.0,12.0,0.0,20181018023800.0,11077.0,0.14285714285714285,4.0
16,,,3.0,-9.5,0.8,9.5,0.8695652173913043,134.5,0.8,134.5,0.8695652173913043,,,,5.0,2.0,4.0,12.0,4.0,4.0,2.0,2.0,0.0,0.0,66.7,80.0,27,34,0,1,9.0,3.0,0.0,20181018023808.0,11077.0,0.14285714285714285,4.0
17,,,3.0,-7.5,0.8333333333333334,7.5,0.8333333333333334,137.5,0.8333333333333334,137.5,0.8333333333333334,,^,,6.0,2.0,4.0,12.0,4.0,4.0,2.0,2.0,0.0,0.0,66.7,80.0,30,34,0,1,9.0,1.0,0.0,20181018023811.0,11075^21077,0.2222222222222222,3.0
18,,,3.0,-7.5,0.8333333333333334,7.5,0.8333333333333334,137.5,0.8333333333333334,137.5,0.8333333333333334,,,,6.0,2.0,4.0,12.0,4.0,4.0,2.0,2.0,0.0,0.0,66.7,80.0,30,34,0,1,8.0,57.0,0.0,20181018023815.0,21077.0,0.2222222222222222,3.0
19,,,3.0,-7.5,0.8333333333333334,7.5,0.8333333333333334,136.5,0.8333333333333334,136.5,0.8333333333333334,,,,6.0,2.0,4.0,12.0,4.0,4.0,2.0,2.0,0.0,0.0,66.7,80.0,30,34,0,1,8.0,48.0,0.0,20181018023823.0,21077.0,0.2222222222222222,3.0
20,,,3.0,-7.5,0.8333333333333334,7.5,0.8333333333333334,136.5,0.8,136.5,0.8695652173913043,,,,6.0,2.0,4.0,12.0,4.0,4.0,2.0,2.0,0.0,0.0,66.7,80.0,30,34,0,1,8.0,41.0,0.0,20181018023830.0,21077.0,0.2222222222222222,3.0
21,,,3.0,-7.5,0.8333333333333334,7.5,0.8333333333333334,136.5,0.8,136.5,0.8695652173913043,,^,,6.0,2.0,4.0,12.0,4.0,4.0,2.0,2.0,1.0,0.0,66.7,80.0,30,34,0,1,8.0,42.0,0.0,20181018023831.0,11086^21077,0.2222222222222222,3.0
22,,,3.0,-8.5,0.8333333333333334,8.5,0.8333333333333334,137.5,0.8333333333333334,137.5,0.8333333333333334,,1:2,,6.0,2.0,4.0,12.0,4.0,4.0,2.0,2.0,1.0,0.0,66.7,80.0,30,34,0,1,8.0,42.0,0.0,20181018023832.0,21078.0,0.2,3.3
23,,,3.0,-8.5,0.8333333333333334,8.5,0.8333333333333334,137.5,0.8695652173913043,137.5,0.8,,1:2^2:2,,6.0,2.0,4.0,12.0,4.0,5.0,2.0,2.0,1.0,0.0,66.7,83.3,30,35,0,1,8.0,42.0,0.0,20181018023853.0,21079^21078,0.18181818181818182,3.4
24,,,3.0,-8.5,0.8,8.5,0.8695652173913043,138.5,0.8333333333333334,138.5,0.8333333333333334,,2:2^,,6.0,2.0,4.0,12.0,4.0,6.0,2.0,2.0,1.0,0.0,66.7,85.7,30,36,0,1,8.0,42.0,0.0,20181018023905.0,21079^11077,0.18181818181818182,3.4
25,,,3.0,-8.5,0.8,8.5,0.8695652173913043,138.5,0.8333333333333334,138.5,0.8333333333333334,,2:2^,,6.0,2.0,4.0,12.0,4.0,6.0,2.0,2.0,1.0,0.0,66.7,85.7,30,36,0,1,8.0,42.0,1.0,20181018023910.0,21079^11077,0.18181818181818182,3.4
26,,,3.0,-8.5,0.8,8.5,0.8695652173913043,138.5,0.8333333333333334,138.5,0.8333333333333334,,2:2^,,6.0,2.0,4.0,12.0,4.0,6.0,2.0,2.0,1.0,0.0,66.7,85.7,30,36,0,1,8.0,41.0,1.0,20181018023910.0,21079^11077,0.18181818181818182,3.4
27,,,3.0,-8.5,0.8,8.5,0.8695652173913043,138.5,0.8333333333333334,138.5,0.8333333333333334,,,,6.0,2.0,4.0,12.0,4.0,6.0,2.0,2.0,1.0,0.0,66.7,85.7,30,36,0,1,8.0,41.0,1.0,20181018023911.0,11077.0,0.18181818181818182,3.4
28,,,3.0,-8.5,0.8,8.5,0.8695652173913043,138.5,0.8333333333333334,138.5,0.8333333333333334,,,,6.0,2.0,4.0,12.0,4.0,6.0,2.0,2.0,1.0,0.0,66.7,85.7,30,36,0,1,8.0,39.0,1.0,20181018023912.0,11077.0,0.18181818181818182,3.4
29,,,3.0,-8.5,0.8333333333333334,8.5,0.8333333333333334,137.5,0.8333333333333334,137.5,0.8333333333333334,,,,6.0,2.0,4.0,12.0,4.0,6.0,2.0,2.0,1.0,0.0,66.7,85.7,30,36,0,1,8.0,31.0,1.0,20181018023920.0,11077.0,0.18181818181818182,3.4
30,,,3.0,-8.5,0.8333333333333334,8.5,0.8333333333333334,137.5,0.8,137.5,0.8695652173913043,,,,6.0,2.0,4.0,12.0,4.0,6.0,2.0,2.0,1.0,0.0,66.7,85.7,30,36,0,1,8.0,23.0,1.0,20181018023928.0,11077.0,0.18181818181818182,3.4
31,,,3.0,-8.5,0.8333333333333334,8.5,0.8333333333333334,136.5,0.8333333333333334,136.5,0.8333333333333334,,,,6.0,2.0,4.0,12.0,4.0,6.0,2.0,2.0,1.0,0.0,66.7,85.7,30,36,0,1,8.0,16.0,0.0,20181018023935.0,11077.0,0.18181818181818182,3.4
32,,,3.0,-8.5,0.8333333333333334,8.5,0.8333333333333334,136.5,0.8333333333333334,136.5,0.8333333333333334,,,,6.0,2.0,4.0,12.0,4.0,6.0,2.0,2.0,1.0,0.0,66.7,85.7,30,36,0,1,8.0,16.0,1.0,20181018024010.0,11077.0,0.18181818181818182,3.4
33,,,3.0,-9.5,0.8333333333333334,9.5,0.8333333333333334,136.5,0.8333333333333334,136.5,0.8333333333333334,,,,6.0,2.0,4.0,12.0,4.0,6.0,2.0,2.0,1.0,0.0,66.7,85.7,30,36,0,1,8.0,15.0,1.0,20181018024011.0,21077.0,0.15384615384615385,3.75
34,,,3.0,-9.5,0.8333333333333334,9.5,0.8333333333333334,135.5,0.8695652173913043,135.5,0.8,,,,6.0,2.0,4.0,12.0,4.0,6.0,2.0,2.0,1.0,0.0,66.7,85.7,30,36,0,1,8.0,6.0,1.0,20181018024019.0,21077.0,0.15384615384615385,3.75
35,,,3.0,-9.5,0.8333333333333334,9.5,0.8333333333333334,135.5,0.8,135.5,0.8695652173913043,,,,6.0,2.0,4.0,12.0,4.0,6.0,2.0,2.0,1.0,0.0,66.7,85.7,30,36,0,1,7.0,58.0,1.0,20181018024027.0,21077.0,0.15384615384615385,3.75
36,,,3.0,-8.5,0.8333333333333334,8.5,0.8333333333333334,134.5,0.8695652173913043,134.5,0.8,,,,6.0,2.0,4.0,12.0,4.0,6.0,2.0,2.0,1.0,0.0,66.7,85.7,30,36,0,1,7.0,54.0,1.0,20181018024032.0,11077.0,0.18181818181818182,3.4
37,,,3.0,-8.5,0.8333333333333334,8.5,0.8333333333333334,134.5,0.8695652173913043,134.5,0.8,,,,6.0,2.0,4.0,12.0,4.0,6.0,2.0,2.0,1.0,0.0,66.7,85.7,30,36,0,1,7.0,53.0,1.0,20181018024032.0,11077.0,0.18181818181818182,3.4
38,,,3.0,-8.5,0.8333333333333334,8.5,0.8333333333333334,134.5,0.8333333333333334,134.5,0.8333333333333334,,,,6.0,2.0,4.0,12.0,4.0,6.0,2.0,2.0,1.0,0.0,66.7,85.7,30,36,0,1,7.0,45.0,1.0,20181018024040.0,11077.0,0.18181818181818182,3.4
39,,,3.0,-8.5,0.8333333333333334,8.5,0.8333333333333334,133.5,0.8333333333333334,133.5,0.8333333333333334,,,,6.0,2.0,4.0,12.0,4.0,6.0,2.0,2.0,1.0,0.0,66.7,85.7,30,36,0,1,7.0,37.0,1.0,20181018024048.0,11077.0,0.18181818181818182,3.4
40,,,3.0,-9.5,0.8333333333333334,9.5,0.8333333333333334,133.5,0.8333333333333334,133.5,0.8333333333333334,,,,6.0,2.0,4.0,12.0,4.0,6.0,2.0,2.0,1.0,0.0,66.7,85.7,30,36,0,1,7.0,34.0,1.0,20181018024051.0,21077.0,0.14285714285714285,4.0
41,,,3.0,-9.5,0.8333333333333334,9.5,0.8333333333333334,133.5,0.8333333333333334,133.5,0.8333333333333334,,,,6.0,2.0,4.0,12.0,4.0,6.0,2.0,2.0,1.0,0.0,66.7,85.7,30,36,0,1,7.0,33.0,1.0,20181018024052.0,21077.0,0.14285714285714285,4.0
42,,,3.0,-9.5,0.8333333333333334,9.5,0.8333333333333334,132.5,0.8333333333333334,132.5,0.8333333333333334,,,,6.0,2.0,4.0,12.0,4.0,6.0,2.0,2.0,1.0,0.0,66.7,85.7,30,36,0,1,7.0,25.0,1.0,20181018024100.0,21077.0,0.14285714285714285,4.0
43,,,3.0,-10.5,0.8695652173913043,10.5,0.8,134.5,0.8695652173913043,134.5,0.8,,^,,6.0,2.0,4.0,13.0,4.0,6.0,2.0,2.0,1.0,0.0,66.7,85.7,30,38,0,1,7.0,24.0,1.0,20181018024101.0,21074^11077,0.125,4.5
44,,,3.0,-10.5,0.8695652173913043,10.5,0.8,134.5,0.8695652173913043,134.5,0.8,,,,6.0,2.0,4.0,13.0,4.0,6.0,2.0,2.0,1.0,0.0,66.7,85.7,30,38,0,1,7.0,24.0,1.0,20181018024102.0,11077.0,0.125,4.5
45,,,3.0,-10.5,0.8695652173913043,10.5,0.8,134.5,0.8333333333333334,134.5,0.8333333333333334,,,,6.0,2.0,4.0,13.0,4.0,6.0,2.0,2.0,1.0,0.0,66.7,85.7,30,38,0,1,7.0,15.0,1.0,20181018024110.0,11077.0,0.125,4.5
46,,,3.0,-10.5,0.8695652173913043,10.5,0.8,134.5,0.8333333333333334,134.5,0.8333333333333334,,,,6.0,2.0,4.0,13.0,4.0,6.0,2.0,2.0,1.0,0.0,66.7,85.7,30,38,0,1,7.0,7.0,1.0,20181018024119.0,11077.0,0.125,4.5
47,,,3.0,-10.5,0.8695652173913043,10.5,0.8,134.5,0.8333333333333334,134.5,0.8333333333333334,,,,6.0,2.0,4.0,13.0,4.0,6.0,2.0,2.0,1.0,0.0,66.7,85.7,30,38,0,1,7.0,6.0,0.0,20181018024119.0,11077.0,0.125,4.5
48,,,3.0,-10.5,0.8695652173913043,10.5,0.8,134.5,0.8333333333333334,134.5,0.8333333333333334,,^,,6.0,2.0,4.0,13.0,4.0,6.0,2.0,2.0,1.0,1.0,66.7,85.7,30,38,0,1,7.0,7.0,0.0,20181018024127.0,21086^11077,0.125,4.5
49,,,3.0,-10.5,0.8695652173913043,10.5,0.8,134.5,0.8333333333333334,134.5,0.8333333333333334,,^,,6.0,2.0,4.0,13.0,4.0,6.0,2.0,2.0,1.0,1.0,66.7,85.7,30,38,0,1,7.0,7.0,0.0,20181018024128.0,21086^11077,0.125,4.5
50,,,3.0,-10.5,0.8695652173913043,10.5,0.8,134.5,0.8333333333333334,134.5,0.8333333333333334,,^,,6.0,2.0,4.0,13.0,4.0,6.0,2.0,2.0,1.0,1.0,66.7,85.7,30,38,0,1,7.0,7.0,1.0,20181018024141.0,21086^11077,0.125,4.5
51,,,3.0,-10.5,0.8695652173913043,10.5,0.8,134.5,0.8333333333333334,134.5,0.8333333333333334,,^,,6.0,2.0,4.0,13.0,4.0,6.0,2.0,2.0,1.0,1.0,66.7,85.7,30,38,0,1,7.0,6.0,1.0,20181018024141.0,21086^11077,0.125,4.5
52,,,3.0,-10.5,0.8695652173913043,10.5,0.8,134.5,0.8333333333333334,134.5,0.8333333333333334,,,,6.0,2.0,4.0,13.0,4.0,6.0,2.0,2.0,1.0,1.0,66.7,85.7,30,38,0,1,7.0,7.0,1.0,20181018024141.0,11077.0,0.125,4.5
53,,,3.0,-10.5,0.8695652173913043,10.5,0.8,134.5,0.8,134.5,0.8695652173913043,,,,6.0,2.0,4.0,13.0,4.0,6.0,2.0,2.0,1.0,1.0,66.7,85.7,30,38,0,1,6.0,58.0,1.0,20181018024149.0,11077.0,0.125,4.5
54,,,3.0,-11.5,0.8695652173913043,11.5,0.8,132.5,0.8333333333333334,132.5,0.8333333333333334,,,,6.0,2.0,4.0,13.0,4.0,6.0,2.0,2.0,1.0,1.0,66.7,85.7,30,38,0,1,6.0,50.0,1.0,20181018024158.0,21077.0,0.1,5.5
55,,,3.0,-11.5,0.8695652173913043,11.5,0.8,132.5,0.8333333333333334,132.5,0.8333333333333334,,,,6.0,2.0,4.0,13.0,4.0,6.0,2.0,2.0,1.0,1.0,66.7,85.7,30,38,0,1,6.0,49.0,1.0,20181018024158.0,21077.0,0.1,5.5
56,,,3.0,-11.5,0.8695652173913043,11.5,0.8,131.5,0.8695652173913043,131.5,0.8,,,,6.0,2.0,4.0,13.0,4.0,6.0,2.0,2.0,1.0,1.0,66.7,85.7,30,38,0,1,6.0,42.0,0.0,20181018024205.0,21077.0,0.1,5.5
57,,,3.0,-11.5,0.8695652173913043,11.5,0.8,131.5,0.8695652173913043,131.5,0.8,,^,,6.0,2.0,4.0,13.0,4.0,6.0,2.0,2.0,2.0,1.0,66.7,85.7,30,38,0,1,6.0,43.0,0.0,20181018024208.0,11086^21077,0.1,5.5
58,,,3.0,-11.5,0.8695652173913043,11.5,0.8,131.5,0.8695652173913043,131.5,0.8,,^,,6.0,2.0,4.0,13.0,4.0,6.0,2.0,2.0,2.0,1.0,66.7,85.7,30,38,0,1,6.0,43.0,0.0,20181018024209.0,11086^21077,0.1,5.5
59,,,3.0,-11.5,0.8695652173913043,11.5,0.8,131.5,0.8695652173913043,131.5,0.8,,^,,6.0,2.0,4.0,13.0,4.0,6.0,2.0,2.0,2.0,1.0,66.7,85.7,30,38,0,1,6.0,43.0,1.0,20181018024227.0,11086^21077,0.1,5.5
60,,,3.0,-11.5,0.8695652173913043,11.5,0.8,131.5,0.8695652173913043,131.5,0.8,,^,,6.0,2.0,4.0,13.0,4.0,6.0,2.0,2.0,2.0,1.0,66.7,85.7,30,38,0,1,6.0,42.0,1.0,20181018024227.0,11086^21077,0.1,5.5
61,,,3.0,-11.5,0.8695652173913043,11.5,0.8,131.5,0.8695652173913043,131.5,0.8,,,,6.0,2.0,4.0,13.0,4.0,6.0,2.0,2.0,2.0,1.0,66.7,85.7,30,38,0,1,6.0,43.0,1.0,20181018024227.0,21077.0,0.1,5.5
62,,,3.0,-11.5,0.8695652173913043,11.5,0.8,131.5,0.8,131.5,0.8695652173913043,,,,6.0,2.0,4.0,13.0,4.0,6.0,2.0,2.0,2.0,1.0,66.7,85.7,30,38,0,1,6.0,34.0,1.0,20181018024235.0,21077.0,0.1,5.5
63,,,3.0,-11.5,0.8695652173913043,11.5,0.8,131.5,0.8,131.5,0.8695652173913043,,,,6.0,2.0,4.0,13.0,4.0,6.0,2.0,2.0,2.0,1.0,66.7,85.7,30,38,0,1,6.0,26.0,1.0,20181018024235.0,21077.0,0.1,5.5
64,,,3.0,-9.5,0.7692307692307693,9.5,0.9090909090909091,131.5,0.8,131.5,0.8695652173913043,,,,6.0,2.0,4.0,13.0,4.0,6.0,2.0,2.0,2.0,1.0,66.7,85.7,30,38,0,1,6.0,18.0,1.0,20181018024252.0,21077.0,0.1,5.5
65,,,3.0,-10.5,0.7692307692307693,10.5,0.9090909090909091,129.5,0.8333333333333334,129.5,0.8333333333333334,,,,6.0,2.0,4.0,13.0,4.0,6.0,2.0,2.0,2.0,1.0,66.7,85.7,30,38,0,1,6.0,12.0,1.0,20181018024258.0,21077.0,0.09090909090909091,5.75
66,,,3.0,-10.5,0.7692307692307693,10.5,0.9090909090909091,129.5,0.8333333333333334,129.5,0.8333333333333334,,,,6.0,2.0,4.0,13.0,4.0,6.0,2.0,2.0,2.0,1.0,66.7,85.7,30,38,0,1,6.0,11.0,1.0,20181018024258.0,21077.0,0.09090909090909091,5.75
67,,,3.0,-10.5,0.8,10.5,0.8695652173913043,128.5,0.8695652173913043,128.5,0.8,,,,6.0,2.0,4.0,13.0,4.0,6.0,2.0,2.0,2.0,1.0,66.7,85.7,30,38,0,1,6.0,3.0,1.0,20181018024306.0,21077.0,0.09090909090909091,5.75
68,,,3.0,-9.5,0.8,9.5,0.8695652173913043,128.5,0.8333333333333334,128.5,0.8333333333333334,,,,6.0,2.0,4.0,13.0,4.0,6.0,2.0,2.0,2.0,1.0,66.7,85.7,30,38,0,1,5.0,58.0,1.0,20181018024312.0,11077.0,0.11764705882352941,4.75
69,,,3.0,-9.5,0.8,9.5,0.8695652173913043,128.5,0.8333333333333334,128.5,0.8333333333333334,,,,6.0,2.0,4.0,13.0,4.0,6.0,2.0,2.0,2.0,1.0,66.7,85.7,30,38,0,1,5.0,57.0,1.0,20181018024312.0,11077.0,0.11764705882352941,4.75
70,,,3.0,-9.5,0.8,9.5,0.8695652173913043,128.5,0.8333333333333334,128.5,0.8333333333333334,,,,6.0,2.0,4.0,13.0,4.0,6.0,2.0,2.0,2.0,1.0,66.7,85.7,30,38,0,1,5.0,54.0,0.0,20181018024315.0,11077.0,0.11764705882352941,4.75
71,,,3.0,-9.5,0.8,9.5,0.8695652173913043,128.5,0.8333333333333334,128.5,0.8333333333333334,,,,6.0,2.0,4.0,13.0,4.0,6.0,2.0,2.0,2.0,1.0,66.7,85.7,30,38,0,1,5.0,54.0,1.0,20181018024334.0,11077.0,0.11764705882352941,4.75
72,,,3.0,-10.5,0.8,10.5,0.8695652173913043,128.5,0.8,128.5,0.8695652173913043,,,,6.0,2.0,4.0,13.0,4.0,6.0,2.0,2.0,2.0,1.0,66.7,85.7,30,38,0,1,5.0,54.0,1.0,20181018024335.0,21077.0,0.09090909090909091,5.75
73,,,3.0,-10.5,0.8,10.5,0.8695652173913043,127.5,0.8333333333333334,127.5,0.8333333333333334,,,,6.0,2.0,4.0,13.0,4.0,6.0,2.0,2.0,2.0,1.0,66.7,85.7,30,38,0,1,5.0,45.0,1.0,20181018024343.0,21077.0,0.09090909090909091,5.75
74,,,3.0,-9.5,0.8,9.5,0.8695652173913043,127.5,0.8333333333333334,127.5,0.8333333333333334,,,,6.0,2.0,4.0,13.0,4.0,6.0,2.0,2.0,2.0,1.0,66.7,85.7,30,38,0,1,5.0,44.0,1.0,20181018024345.0,11077.0,0.11764705882352941,4.75
75,,,3.0,-9.5,0.8,9.5,0.8695652173913043,126.5,0.8695652173913043,126.5,0.8,,,,6.0,2.0,4.0,13.0,4.0,6.0,2.0,2.0,2.0,1.0,66.7,85.7,30,38,0,1,5.0,35.0,1.0,20181018024354.0,11077.0,0.11764705882352941,4.75
76,,,3.0,-10.5,0.8,10.5,0.8695652173913043,126.5,0.8333333333333334,126.5,0.8333333333333334,,,,6.0,2.0,4.0,13.0,4.0,6.0,2.0,2.0,2.0,1.0,66.7,85.7,30,38,0,1,5.0,28.0,1.0,20181018024401.0,21077.0,0.09090909090909091,5.75
77,,,3.0,-10.5,0.8,10.5,0.8695652173913043,125.5,0.8333333333333334,125.5,0.8333333333333334,,,,6.0,2.0,4.0,13.0,4.0,6.0,2.0,2.0,2.0,1.0,66.7,85.7,30,38,0,1,5.0,19.0,1.0,20181018024409.0,21077.0,0.09090909090909091,5.75
78,,,3.0,-9.5,0.8,9.5,0.8695652173913043,125.5,0.8333333333333334,125.5,0.8333333333333334,,,,6.0,2.0,4.0,13.0,4.0,6.0,2.0,2.0,2.0,1.0,66.7,85.7,30,38,0,1,5.0,18.0,1.0,20181018024411.0,11077.0,0.11764705882352941,4.75
79,,,3.0,-9.5,0.8,9.5,0.8695652173913043,125.5,0.8333333333333334,125.5,0.8333333333333334,,,,6.0,2.0,4.0,13.0,4.0,6.0,2.0,2.0,2.0,1.0,66.7,85.7,30,38,0,1,5.0,17.0,1.0,20181018024411.0,11077.0,0.11764705882352941,4.75
80,,,3.0,-9.5,0.8,9.5,0.8695652173913043,125.5,0.8,125.5,0.8695652173913043,,,,6.0,2.0,4.0,13.0,4.0,6.0,2.0,2.0,2.0,1.0,66.7,85.7,30,38,0,1,5.0,9.0,1.0,20181018024419.0,11077.0,0.11764705882352941,4.75
81,,,3.0,-8.5,0.7692307692307693,8.5,0.9090909090909091,126.5,0.9090909090909091,126.5,0.7692307692307693,,^,,6.0,2.0,5.0,13.0,4.0,6.0,2.0,2.0,2.0,1.0,66.7,85.7,32,38,0,1,5.0,4.0,1.0,20181018024425.0,11074^21077,0.14285714285714285,4.0
82,,,3.0,-8.5,0.7692307692307693,8.5,0.9090909090909091,126.5,0.8695652173913043,126.5,0.8,,,,6.0,2.0,5.0,13.0,4.0,6.0,2.0,2.0,2.0,1.0,66.7,85.7,32,38,0,1,5.0,2.0,1.0,20181018024427.0,21077.0,0.14285714285714285,4.0
83,,,3.0,-8.5,0.7692307692307693,8.5,0.9090909090909091,126.5,0.8,126.5,0.8695652173913043,,,,6.0,2.0,5.0,13.0,4.0,6.0,2.0,2.0,2.0,1.0,66.7,85.7,32,38,0,1,4.0,53.0,1.0,20181018024436.0,21077.0,0.14285714285714285,4.0
84,,,3.0,-8.5,0.8,8.5,0.8695652173913043,125.5,0.8333333333333334,125.5,0.8333333333333334,,,,6.0,2.0,5.0,13.0,4.0,6.0,2.0,2.0,2.0,1.0,66.7,85.7,32,38,0,1,4.0,45.0,1.0,20181018024444.0,21077.0,0.14285714285714285,4.0
85,,,3.0,-10.5,0.8333333333333334,10.5,0.8333333333333334,128.5,0.8333333333333334,128.5,0.8333333333333334,13.0,^,,6.0,3.0,5.0,13.0,4.0,6.0,2.0,2.0,2.0,1.0,66.7,85.7,32,41,0,1,4.0,41.0,1.0,20181018024448.0,21075^11077,0.09090909090909091,5.75
86,,,3.0,-10.5,0.8333333333333334,10.5,0.8333333333333334,128.5,0.8333333333333334,128.5,0.8333333333333334,13.0,,,6.0,3.0,5.0,13.0,4.0,6.0,2.0,2.0,2.0,1.0,66.7,85.7,32,41,0,1,4.0,40.0,1.0,20181018024449.0,11077.0,0.09090909090909091,5.75
87,,,3.0,-10.5,0.8333333333333334,10.5,0.8333333333333334,128.5,0.7692307692307693,128.5,0.9090909090909091,13.0,,,6.0,3.0,5.0,13.0,4.0,6.0,2.0,2.0,2.0,1.0,66.7,85.7,32,41,0,1,4.0,31.0,1.0,20181018024457.0,11077.0,0.09090909090909091,5.75
88,,,3.0,-10.5,0.8333333333333334,10.5,0.8333333333333334,127.5,0.8333333333333334,127.5,0.8333333333333334,13.0,,,6.0,3.0,5.0,13.0,4.0,6.0,2.0,2.0,2.0,1.0,66.7,85.7,32,41,0,1,4.0,23.0,1.0,20181018024505.0,11077.0,0.09090909090909091,5.75
89,,,3.0,-10.5,0.8333333333333334,10.5,0.8333333333333334,127.5,0.8,127.5,0.8695652173913043,13.0,,,6.0,3.0,5.0,13.0,4.0,6.0,2.0,2.0,2.0,1.0,66.7,85.7,32,41,0,1,4.0,18.0,0.0,20181018024510.0,11077.0,0.09090909090909091,5.75
90,,,3.0,-10.5,0.8333333333333334,10.5,0.8333333333333334,127.5,0.8,127.5,0.8695652173913043,13.0,,,6.0,3.0,5.0,13.0,4.0,6.0,2.0,2.0,2.0,1.0,66.7,85.7,32,41,0,1,4.0,18.0,0.0,20181018024511.0,11077.0,0.09090909090909091,5.75
91,,,3.0,-10.5,0.8333333333333334,10.5,0.8333333333333334,127.5,0.8333333333333334,127.5,0.8333333333333334,13.0,^,,6.0,3.0,5.0,13.0,4.0,6.0,2.0,2.0,2.0,2.0,66.7,85.7,32,41,0,1,4.0,23.0,0.0,20181018024517.0,21086^11077,0.09090909090909091,5.75
92,,,3.0,-10.5,0.8333333333333334,10.5,0.8333333333333334,127.5,0.8333333333333334,127.5,0.8333333333333334,13.0,^,,6.0,3.0,5.0,13.0,4.0,6.0,2.0,2.0,2.0,2.0,66.7,85.7,32,41,0,1,4.0,23.0,0.0,20181018024518.0,21086^11077,0.09090909090909091,5.75
93,,,3.0,-10.5,0.8333333333333334,10.5,0.8333333333333334,127.5,0.8333333333333334,127.5,0.8333333333333334,13.0,^,,6.0,3.0,5.0,13.0,4.0,6.0,2.0,2.0,2.0,2.0,66.7,85.7,32,41,0,1,4.0,23.0,1.0,20181018024550.0,21086^11077,0.09090909090909091,5.75
94,,,3.0,-10.5,0.8333333333333334,10.5,0.8333333333333334,127.5,0.8333333333333334,127.5,0.8333333333333334,13.0,^,,6.0,3.0,5.0,13.0,4.0,6.0,2.0,2.0,2.0,2.0,66.7,85.7,32,41,0,1,4.0,22.0,1.0,20181018024550.0,21086^11077,0.09090909090909091,5.75
95,,,3.0,-10.5,0.8333333333333334,10.5,0.8333333333333334,127.5,0.8333333333333334,127.5,0.8333333333333334,13.0,,,6.0,3.0,5.0,13.0,4.0,6.0,2.0,2.0,2.0,2.0,66.7,85.7,32,41,0,1,4.0,22.0,1.0,20181018024551.0,11077.0,0.09090909090909091,5.75
96,,,3.0,-10.5,0.8333333333333334,10.5,0.8333333333333334,127.5,0.8,127.5,0.8695652173913043,13.0,,,6.0,3.0,5.0,13.0,4.0,6.0,2.0,2.0,2.0,2.0,66.7,85.7,32,41,0,1,4.0,20.0,0.0,20181018024552.0,11077.0,0.09090909090909091,5.75
97,,,3.0,-10.5,0.8333333333333334,10.5,0.8333333333333334,127.5,0.8,127.5,0.8695652173913043,13.0,^,,6.0,3.0,5.0,13.0,4.0,6.0,2.0,2.0,2.0,3.0,66.7,85.7,32,41,0,1,4.0,21.0,0.0,20181018024553.0,21086^11077,0.09090909090909091,5.75
98,,,3.0,-10.5,0.8333333333333334,10.5,0.8333333333333334,127.5,0.8,127.5,0.8695652173913043,13.0,^,,6.0,3.0,5.0,13.0,4.0,6.0,2.0,2.0,2.0,3.0,66.7,85.7,32,41,0,1,4.0,21.0,0.0,20181018024556.0,21086^11077,0.09090909090909091,5.75
99,,,3.0,-10.5,0.8333333333333334,10.5,0.8333333333333334,127.5,0.8,127.5,0.8695652173913043,13.0,^,,6.0,3.0,5.0,13.0,4.0,6.0,2.0,2.0,2.0,3.0,66.7,85.7,32,41,0,1,4.0,20.0,0.0,20181018024556.0,21086^11077,0.09090909090909091,5.75
100,,,3.0,-10.5,0.8333333333333334,10.5,0.8333333333333334,127.5,0.8,127.5,0.8695652173913043,13.0,,,6.0,3.0,5.0,13.0,4.0,6.0,2.0,2.0,2.0,3.0,66.7,85.7,32,41,0,1,4.0,20.0,0.0,20181018024614.0,11077.0,0.09090909090909091,5.75
101,,,3.0,-10.5,0.8333333333333334,10.5,0.8333333333333334,126.5,0.9090909090909091,126.5,0.7692307692307693,13.0,,,6.0,3.0,5.0,13.0,4.0,6.0,2.0,2.0,2.0,3.0,66.7,85.7,32,41,0,1,4.0,16.0,0.0,20181018024618.0,11077.0,0.09090909090909091,5.75
102,,,3.0,-10.5,0.8333333333333334,10.5,0.8333333333333334,126.5,0.8695652173913043,126.5,0.8,13.0,^,1.0,6.0,3.0,5.0,13.0,4.0,6.0,2.0,2.0,2.0,4.0,66.7,85.7,32,41,0,1,4.0,16.0,0.0,20181018024622.0,21086^11077,0.09090909090909091,5.75
103,,,3.0,-10.5,0.8333333333333334,10.5,0.8333333333333334,126.5,0.8695652173913043,126.5,0.8,13.0,^,1.0,6.0,3.0,5.0,13.0,4.0,6.0,2.0,2.0,2.0,4.0,66.7,85.7,32,41,0,1,4.0,16.0,0.0,20181018024623.0,21086^11077,0.09090909090909091,5.75
104,,,3.0,-10.5,0.8333333333333334,10.5,0.8333333333333334,126.5,0.8695652173913043,126.5,0.8,13.0,^,1.0,6.0,3.0,5.0,13.0,4.0,6.0,2.0,2.0,2.0,4.0,66.7,85.7,32,41,0,1,4.0,16.0,1.0,20181018024630.0,21086^11077,0.09090909090909091,5.75
105,,,3.0,-10.5,0.8333333333333334,10.5,0.8333333333333334,126.5,0.8695652173913043,126.5,0.8,13.0,^,1.0,6.0,3.0,5.0,13.0,4.0,6.0,2.0,2.0,2.0,4.0,66.7,85.7,32,41,0,1,4.0,15.0,1.0,20181018024630.0,21086^11077,0.09090909090909091,5.75
106,,,3.0,-10.5,0.8333333333333334,10.5,0.8333333333333334,126.5,0.8695652173913043,126.5,0.8,13.0,,1.0,6.0,3.0,5.0,13.0,4.0,6.0,2.0,2.0,2.0,4.0,66.7,85.7,32,41,0,1,4.0,15.0,1.0,20181018024631.0,11077.0,0.09090909090909091,5.75
107,,,3.0,-10.5,0.8333333333333334,10.5,0.8333333333333334,126.5,0.8,126.5,0.8695652173913043,13.0,,1.0,6.0,3.0,5.0,13.0,4.0,6.0,2.0,2.0,2.0,4.0,66.7,85.7,32,41,0,1,4.0,6.0,1.0,20181018024639.0,11077.0,0.09090909090909091,5.75
108,,,3.0,-9.5,0.8,9.5,0.8695652173913043,128.5,0.8333333333333334,128.5,0.8333333333333334,13.0,^,1.0,6.0,3.0,6.0,13.0,4.0,6.0,2.0,2.0,2.0,4.0,66.7,85.7,34,41,0,1,4.0,6.0,1.0,20181018024640.0,11074^21077,0.1111111111111111,5.0
109,,,3.0,-9.5,0.8333333333333334,9.5,0.8333333333333334,128.5,0.8333333333333334,128.5,0.8333333333333334,13.0,,1.0,6.0,3.0,6.0,13.0,4.0,6.0,2.0,2.0,2.0,4.0,66.7,85.7,34,41,0,1,4.0,3.0,1.0,20181018024643.0,21077.0,0.1111111111111111,5.0
110,,,3.0,-9.5,0.8333333333333334,9.5,0.8333333333333334,127.5,0.8333333333333334,127.5,0.8333333333333334,13.0,,1.0,6.0,3.0,6.0,13.0,4.0,6.0,2.0,2.0,2.0,4.0,66.7,85.7,34,41,0,1,3.0,54.0,1.0,20181018024651.0,21077.0,0.1111111111111111,5.0
111,,,3.0,-9.5,0.8333333333333334,9.5,0.8333333333333334,127.5,0.8,127.5,0.8695652173913043,13.0,,1.0,6.0,3.0,6.0,13.0,4.0,6.0,2.0,2.0,2.0,4.0,66.7,85.7,34,41,0,1,3.0,46.0,1.0,20181018024659.0,21077.0,0.1111111111111111,5.0
112,,,3.0,-9.5,0.8333333333333334,9.5,0.8333333333333334,126.5,0.8695652173913043,126.5,0.8,13.0,,1.0,6.0,3.0,6.0,13.0,4.0,6.0,2.0,2.0,2.0,4.0,66.7,85.7,34,41,0,1,3.0,42.0,0.0,20181018024703.0,21077.0,0.1111111111111111,5.0
113,,,3.0,-9.5,0.8333333333333334,9.5,0.8333333333333334,126.5,0.8695652173913043,126.5,0.8,13.0,^,1.0,6.0,3.0,6.0,13.0,4.0,6.0,2.0,2.0,3.0,4.0,66.7,85.7,34,41,0,1,3.0,43.0,0.0,20181018024705.0,11086^21077,0.1111111111111111,5.0
114,,,3.0,-9.5,0.7692307692307693,9.5,0.9090909090909091,128.5,0.7692307692307693,128.5,0.9090909090909091,13.0,1:2,1.0,6.0,3.0,6.0,13.0,4.0,6.0,2.0,2.0,3.0,4.0,66.7,85.7,34,41,0,1,3.0,43.0,0.0,20181018024708.0,21078.0,0.10526315789473684,5.25
115,,,3.0,-10.5,0.8695652173913043,10.5,0.8,128.5,0.8333333333333334,128.5,0.8333333333333334,13.0,1:2^2:2,1.0,6.0,3.0,6.0,13.0,4.0,7.0,2.0,2.0,3.0,4.0,66.7,87.5,34,42,0,1,3.0,43.0,0.0,20181018024806.0,21079^21078,0.1,5.5
116,,,3.0,-9.5,0.8333333333333334,9.5,0.8333333333333334,128.5,0.7692307692307693,128.5,0.9090909090909091,13.0,2:2^,1.0,6.0,3.0,6.0,13.0,4.0,7.0,2.0,2.0,3.0,4.0,66.7,77.8,34,42,0,1,3.0,43.0,1.0,20181018024839.0,21080^11077,0.1111111111111111,5.0
117,,,3.0,-9.5,0.8333333333333334,9.5,0.8333333333333334,127.5,0.8695652173913043,127.5,0.8,13.0,2:2^,1.0,6.0,3.0,6.0,13.0,4.0,7.0,2.0,2.0,3.0,4.0,66.7,77.8,34,42,0,1,3.0,40.0,0.0,20181018024842.0,21080^11077,0.1111111111111111,5.0
118,,,3.0,-11.5,0.8695652173913043,11.5,0.8,128.5,0.8333333333333334,128.5,0.8333333333333334,13.0,1:1,1.0,6.0,3.0,6.0,13.0,4.0,7.0,2.0,2.0,3.0,4.0,66.7,77.8,34,42,0,1,3.0,43.0,0.0,20181018024843.0,21078.0,0.07142857142857142,6.5
119,,,3.0,-11.5,0.8333333333333334,11.5,0.8333333333333334,129.5,0.7692307692307693,129.5,0.9090909090909091,13.0,1:1^,1.0,6.0,3.0,6.0,13.0,4.0,8.0,2.0,2.0,3.0,4.0,66.7,80.0,34,43,0,1,3.0,43.0,0.0,20181018024852.0,21079^21077,0.07142857142857142,6.5
120,,,3.0,-11.5,0.8333333333333334,11.5,0.8333333333333334,129.5,0.7692307692307693,129.5,0.9090909090909091,13.0,1:1^,1.0,6.0,3.0,6.0,13.0,4.0,8.0,2.0,2.0,3.0,4.0,66.7,80.0,34,43,0,1,3.0,43.0,1.0,20181018024858.0,21079^21077,0.07142857142857142,6.5
121,,,3.0,-11.5,0.8333333333333334,11.5,0.8333333333333334,129.5,0.7692307692307693,129.5,0.9090909090909091,13.0,1:1^,1.0,6.0,3.0,6.0,13.0,4.0,8.0,2.0,2.0,3.0,4.0,66.7,80.0,34,43,0,1,3.0,42.0,1.0,20181018024858.0,21079^21077,0.07142857142857142,6.5
122,,,3.0,-10.5,0.8333333333333334,10.5,0.8333333333333334,129.5,0.7692307692307693,129.5,0.9090909090909091,13.0,,1.0,6.0,3.0,6.0,13.0,4.0,8.0,2.0,2.0,3.0,4.0,66.7,80.0,34,43,0,1,3.0,42.0,1.0,20181018024859.0,11077.0,0.09090909090909091,5.75
123,,,3.0,-10.5,0.8333333333333334,10.5,0.8333333333333334,129.5,0.7692307692307693,129.5,0.9090909090909091,13.0,,1.0,6.0,3.0,6.0,13.0,4.0,8.0,2.0,2.0,3.0,4.0,66.7,80.0,34,43,0,1,3.0,33.0,1.0,20181018024907.0,11077.0,0.09090909090909091,5.75
124,,,3.0,-10.5,0.8333333333333334,10.5,0.8333333333333334,129.5,0.7692307692307693,129.5,0.9090909090909091,13.0,^,1.0,6.0,3.0,6.0,13.0,4.0,8.0,2.0,2.0,3.0,5.0,66.7,80.0,34,43,0,1,3.0,33.0,0.0,20181018024908.0,21086^11077,0.09090909090909091,5.75
125,,,3.0,-10.5,0.8333333333333334,10.5,0.8333333333333334,129.5,0.7692307692307693,129.5,0.9090909090909091,13.0,^,1.0,6.0,3.0,6.0,13.0,4.0,8.0,2.0,2.0,3.0,5.0,66.7,80.0,34,43,0,1,3.0,33.0,0.0,20181018024910.0,21086^11077,0.09090909090909091,5.75
126,,,3.0,-10.5,0.8695652173913043,10.5,0.8,129.5,0.7692307692307693,129.5,0.9090909090909091,13.0,1:2,1.0,6.0,3.0,6.0,13.0,5.0,8.0,2.0,2.0,3.0,5.0,71.4,80.0,34,43,0,1,3.0,33.0,0.0,20181018024910.0,11078.0,0.1,5.5
127,,,3.0,-10.5,0.8333333333333334,10.5,0.8333333333333334,129.5,0.8695652173913043,129.5,0.8,13.0,2:2^,1.0,6.0,3.0,6.0,13.0,6.0,8.0,2.0,2.0,3.0,5.0,75.0,80.0,36,43,0,1,3.0,33.0,0.0,20181018024940.0,11079^21077,0.1111111111111111,5.0
128,,,3.0,-10.5,0.8333333333333334,10.5,0.8333333333333334,129.5,0.8695652173913043,129.5,0.8,13.0,2:2^,1.0,6.0,3.0,6.0,13.0,6.0,8.0,2.0,2.0,3.0,5.0,75.0,80.0,36,43,0,1,3.0,33.0,0.0,20181018024940.0,11079^21077,0.1111111111111111,5.0
129,,,3.0,-10.5,0.8333333333333334,10.5,0.8333333333333334,129.5,0.8695652173913043,129.5,0.8,13.0,,1.0,6.0,3.0,6.0,13.0,6.0,8.0,2.0,2.0,3.0,5.0,75.0,80.0,36,43,0,1,3.0,33.0,0.0,20181018024949.0,21077.0,0.1111111111111111,5.0
130,,,3.0,-10.5,0.8333333333333334,10.5,0.8333333333333334,129.5,0.8,129.5,0.8695652173913043,13.0,,1.0,6.0,3.0,6.0,13.0,6.0,8.0,2.0,2.0,3.0,5.0,75.0,80.0,36,43,0,1,3.0,24.0,0.0,20181018024957.0,21077.0,0.1111111111111111,5.0
131,,,3.0,-10.5,0.8333333333333334,10.5,0.8333333333333334,129.5,0.8333333333333334,129.5,0.8333333333333334,13.0,,1.0,6.0,3.0,6.0,13.0,6.0,8.0,2.0,2.0,3.0,5.0,75.0,80.0,36,43,0,1,3.0,16.0,0.0,20181018025005.0,21077.0,0.1111111111111111,5.0
132,,,3.0,-10.5,0.8333333333333334,10.5,0.8333333333333334,129.5,0.7692307692307693,129.5,0.9090909090909091,13.0,,1.0,6.0,3.0,6.0,13.0,6.0,8.0,2.0,2.0,3.0,5.0,75.0,80.0,36,43,0,1,3.0,8.0,0.0,20181018025014.0,21077.0,0.1111111111111111,5.0
133,,,3.0,-11.5,0.8333333333333334,11.5,0.8333333333333334,132.5,0.8,132.5,0.8695652173913043,12.0,^,1.0,6.0,4.0,6.0,13.0,6.0,8.0,2.0,2.0,3.0,5.0,75.0,80.0,36,46,0,1,3.0,8.0,0.0,20181018025014.0,21075^11077,0.06666666666666667,6.75
134,,,3.0,-11.5,0.8333333333333334,11.5,0.8333333333333334,132.5,0.8,132.5,0.8695652173913043,12.0,,1.0,6.0,4.0,6.0,13.0,6.0,8.0,2.0,2.0,3.0,5.0,75.0,80.0,36,46,0,1,3.0,6.0,0.0,20181018025017.0,11077.0,0.06666666666666667,6.75
135,,,3.0,-11.5,0.8333333333333334,11.5,0.8333333333333334,131.5,0.8333333333333334,131.5,0.8333333333333334,12.0,,1.0,6.0,4.0,6.0,13.0,6.0,8.0,2.0,2.0,3.0,5.0,75.0,80.0,36,46,0,1,2.0,57.0,0.0,20181018025025.0,11077.0,0.06666666666666667,6.75
136,,,3.0,-11.5,0.8333333333333334,11.5,0.8333333333333334,130.5,0.9090909090909091,130.5,0.7692307692307693,12.0,,1.0,6.0,4.0,6.0,13.0,6.0,8.0,2.0,2.0,3.0,5.0,75.0,80.0,36,46,0,1,2.0,49.0,0.0,20181018025033.0,11077.0,0.06666666666666667,6.75
137,,,3.0,-11.5,0.8333333333333334,11.5,0.8333333333333334,130.5,0.8695652173913043,130.5,0.8,12.0,,1.0,6.0,4.0,6.0,13.0,6.0,8.0,2.0,2.0,3.0,5.0,75.0,80.0,36,46,0,1,2.0,46.0,0.0,20181018025036.0,11077.0,0.06666666666666667,6.75
138,,,3.0,-11.5,0.8333333333333334,11.5,0.8333333333333334,130.5,0.8333333333333334,130.5,0.8333333333333334,12.0,^,1.0,6.0,4.0,6.0,13.0,6.0,8.0,2.0,2.0,3.0,6.0,75.0,80.0,36,46,0,1,2.0,46.0,0.0,20181018025041.0,21086^11077,0.06666666666666667,6.75
139,,,3.0,-11.5,0.9090909090909091,11.5,0.7692307692307693,131.5,0.8695652173913043,131.5,0.8,12.0,1:2,1.0,6.0,4.0,6.0,13.0,6.0,8.0,2.0,2.0,3.0,6.0,75.0,80.0,36,46,0,1,2.0,46.0,0.0,20181018025044.0,11078.0,0.07142857142857142,6.5
140,,,3.0,-10.5,0.8,10.5,0.8695652173913043,132.5,0.8333333333333334,132.5,0.8333333333333334,12.0,1:2^2:2,1.0,6.0,4.0,6.0,13.0,7.0,8.0,2.0,2.0,3.0,6.0,77.8,80.0,37,46,0,1,2.0,46.0,0.0,20181018025116.0,11079^11078,0.08333333333333333,6.0
141,,,3.0,-10.5,0.8333333333333334,10.5,0.8333333333333334,132.5,0.9090909090909091,132.5,0.7692307692307693,12.0,2:2^,1.0,6.0,4.0,6.0,13.0,8.0,8.0,2.0,2.0,3.0,6.0,80.0,80.0,38,46,0,1,2.0,46.0,0.0,20181018025128.0,11079^21077,0.08333333333333333,6.0
142,,,3.0,-10.5,0.8333333333333334,10.5,0.8333333333333334,132.5,0.9090909090909091,132.5,0.7692307692307693,12.0,2:2^,1.0,6.0,4.0,6.0,13.0,8.0,8.0,2.0,2.0,3.0,6.0,80.0,80.0,38,46,0,1,2.0,45.0,0.0,20181018025128.0,11079^21077,0.08333333333333333,6.0
143,,,3.0,-9.5,0.8333333333333334,9.5,0.8333333333333334,132.5,0.9090909090909091,132.5,0.7692307692307693,12.0,,1.0,6.0,4.0,6.0,13.0,8.0,8.0,2.0,2.0,3.0,6.0,80.0,80.0,38,46,0,1,2.0,45.0,0.0,20181018025133.0,11077.0,0.1111111111111111,5.0
144,,,3.0,-9.5,0.8333333333333334,9.5,0.8333333333333334,132.5,0.8333333333333334,132.5,0.8333333333333334,12.0,,1.0,6.0,4.0,6.0,13.0,8.0,8.0,2.0,2.0,3.0,6.0,80.0,80.0,38,46,0,1,2.0,36.0,0.0,20181018025141.0,11077.0,0.1111111111111111,5.0
145,,,3.0,-9.5,0.8333333333333334,9.5,0.8333333333333334,131.5,0.8695652173913043,131.5,0.8,12.0,,1.0,6.0,4.0,6.0,13.0,8.0,8.0,2.0,2.0,3.0,6.0,80.0,80.0,38,46,0,1,2.0,28.0,0.0,20181018025150.0,11077.0,0.1111111111111111,5.0
146,,,3.0,-9.5,0.8333333333333334,9.5,0.8333333333333334,131.5,0.8,131.5,0.8695652173913043,12.0,,1.0,6.0,4.0,6.0,13.0,8.0,8.0,2.0,2.0,3.0,6.0,80.0,80.0,38,46,0,1,2.0,19.0,0.0,20181018025159.0,11077.0,0.10526315789473684,5.25
147,,,3.0,-9.5,0.8333333333333334,9.5,0.8333333333333334,130.5,0.8333333333333334,130.5,0.8333333333333334,12.0,,1.0,6.0,4.0,6.0,13.0,8.0,8.0,2.0,2.0,3.0,6.0,80.0,80.0,38,46,0,1,2.0,11.0,0.0,20181018025207.0,11077.0,0.10526315789473684,5.25
148,,,3.0,-9.5,0.8333333333333334,9.5,0.8333333333333334,130.5,0.8333333333333334,130.5,0.8333333333333334,12.0,,1.0,6.0,4.0,6.0,13.0,8.0,8.0,2.0,2.0,3.0,6.0,80.0,80.0,38,46,0,1,2.0,9.0,0.0,20181018025207.0,11077.0,0.10526315789473684,5.25
149,,,3.0,-9.5,0.8333333333333334,9.5,0.8333333333333334,130.5,0.8333333333333334,130.5,0.8333333333333334,12.0,,1.0,6.0,4.0,6.0,13.0,8.0,8.0,2.0,2.0,3.0,6.0,80.0,80.0,38,46,0,1,2.0,8.0,0.0,20181018025210.0,11077.0,0.10526315789473684,5.25
150,,,3.0,-8.5,0.8333333333333334,8.5,0.8333333333333334,132.5,0.8333333333333334,132.5,0.8333333333333334,12.0,^,1.0,6.0,4.0,7.0,13.0,8.0,8.0,2.0,2.0,3.0,6.0,80.0,80.0,40,46,0,1,2.0,4.0,0.0,20181018025214.0,11074^21077,0.13333333333333333,4.25
151,,,3.0,-8.5,0.8333333333333334,8.5,0.8333333333333334,132.5,0.8,132.5,0.8695652173913043,12.0,,1.0,6.0,4.0,7.0,13.0,8.0,8.0,2.0,2.0,3.0,6.0,80.0,80.0,40,46,0,1,2.0,1.0,0.0,20181018025218.0,21077.0,0.13333333333333333,4.25
152,,,3.0,-8.5,0.8333333333333334,8.5,0.8333333333333334,131.5,0.8333333333333334,131.5,0.8333333333333334,7.0,,1.0,6.0,4.0,7.0,13.0,8.0,8.0,2.0,2.0,3.0,6.0,80.0,80.0,40,46,0,1,1.0,52.0,0.0,20181018025226.0,21077.0,0.13333333333333333,4.25
153,,,3.0,-8.5,0.8333333333333334,8.5,0.8333333333333334,131.5,0.7692307692307693,131.5,0.9090909090909091,7.0,,1.0,6.0,4.0,7.0,13.0,8.0,8.0,2.0,2.0,3.0,6.0,80.0,80.0,40,46,0,1,1.0,44.0,0.0,20181018025234.0,21077.0,0.125,4.5
154,,,3.0,-8.5,0.8333333333333334,8.5,0.8333333333333334,130.5,0.8333333333333334,130.5,0.8333333333333334,7.0,,1.0,6.0,4.0,7.0,13.0,8.0,8.0,2.0,2.0,3.0,6.0,80.0,80.0,40,46,0,1,1.0,36.0,0.0,20181018025243.0,21077.0,0.125,4.5
155,,,3.0,-8.5,0.8333333333333334,8.5,0.8333333333333334,130.5,0.8333333333333334,130.5,0.8333333333333334,7.0,,1.0,6.0,4.0,7.0,13.0,8.0,8.0,2.0,2.0,3.0,6.0,80.0,80.0,40,46,0,1,1.0,36.0,0.0,20181018025244.0,21077.0,0.125,4.5
156,,,3.0,-8.5,0.8333333333333334,8.5,0.8333333333333334,130.5,0.8333333333333334,130.5,0.8333333333333334,7.0,^,1.0,6.0,4.0,7.0,13.0,8.0,8.0,2.0,2.0,4.0,6.0,80.0,80.0,40,46,0,1,1.0,36.0,0.0,20181018025249.0,11086^21077,0.125,4.5
157,,,3.0,-8.5,0.8333333333333334,8.5,0.8333333333333334,130.5,0.8333333333333334,130.5,0.8333333333333334,7.0,^,1.0,6.0,4.0,7.0,13.0,8.0,8.0,2.0,2.0,4.0,6.0,80.0,80.0,40,46,0,1,1.0,36.0,0.0,20181018025252.0,11086^21077,0.125,4.5
158,,,3.0,-8.5,0.8333333333333334,8.5,0.8333333333333334,130.5,0.8333333333333334,130.5,0.8333333333333334,7.0,^,1.0,6.0,4.0,7.0,13.0,8.0,8.0,2.0,2.0,4.0,6.0,80.0,80.0,40,46,0,1,1.0,34.0,0.0,20181018025252.0,11086^21077,0.125,4.5
159,,,3.0,-8.5,0.8333333333333334,8.5,0.8333333333333334,130.5,0.8,130.5,0.8695652173913043,7.0,,1.0,6.0,4.0,7.0,13.0,8.0,8.0,2.0,2.0,4.0,6.0,80.0,80.0,40,46,0,1,1.0,34.0,0.0,20181018025331.0,21077.0,0.125,4.5
160,,,3.0,-8.5,0.8333333333333334,8.5,0.8333333333333334,129.5,0.8333333333333334,129.5,0.8333333333333334,7.0,,1.0,6.0,4.0,7.0,13.0,8.0,8.0,2.0,2.0,4.0,6.0,80.0,80.0,40,46,0,1,1.0,25.0,0.0,20181018025339.0,21077.0,0.125,4.5
161,,,3.0,-8.5,0.8333333333333334,8.5,0.8333333333333334,129.5,0.8,129.5,0.8695652173913043,7.0,,1.0,6.0,4.0,7.0,13.0,8.0,8.0,2.0,2.0,4.0,6.0,80.0,80.0,40,46,0,1,1.0,17.0,0.0,20181018025347.0,21077.0,0.125,4.5
162,,,3.0,-8.5,0.8333333333333334,8.5,0.8333333333333334,129.5,0.7692307692307693,129.5,0.9090909090909091,7.0,^,1.0,6.0,4.0,7.0,13.0,8.0,8.0,2.0,2.0,5.0,6.0,80.0,80.0,40,46,0,1,1.0,17.0,0.0,20181018025351.0,11086^21077,0.125,4.5
163,,,3.0,-8.5,0.8333333333333334,8.5,0.8333333333333334,130.5,0.8,130.5,0.8695652173913043,7.0,1:2,1.0,6.0,4.0,7.0,13.0,8.0,8.0,2.0,2.0,5.0,6.0,80.0,80.0,40,46,0,1,1.0,17.0,0.0,20181018025353.0,21078.0,0.11764705882352941,4.75
164,,,3.0,-8.5,0.7692307692307693,8.5,0.9090909090909091,130.5,0.8695652173913043,130.5,0.8,7.0,1:2^2:2,1.0,6.0,4.0,7.0,13.0,8.0,9.0,2.0,2.0,5.0,6.0,80.0,81.8,40,47,0,1,1.0,17.0,0.0,20181018025415.0,21079^21078,0.1111111111111111,5.0
165,,,3.0,-9.5,0.8695652173913043,9.5,0.8,131.5,0.8,131.5,0.8695652173913043,7.0,2:2^,1.0,6.0,4.0,7.0,13.0,8.0,10.0,2.0,2.0,5.0,6.0,80.0,83.3,40,48,0,1,1.0,17.0,0.0,20181018025430.0,21079^11077,0.1,5.5
166,,,3.0,-9.5,0.8695652173913043,9.5,0.8,131.5,0.8,131.5,0.8695652173913043,7.0,2:2^,1.0,6.0,4.0,7.0,13.0,8.0,10.0,2.0,2.0,5.0,6.0,80.0,83.3,40,48,0,1,1.0,17.0,1.0,20181018025432.0,21079^11077,0.1,5.5
167,,,3.0,-9.5,0.8695652173913043,9.5,0.8,131.5,0.8,131.5,0.8695652173913043,7.0,2:2^,1.0,6.0,4.0,7.0,13.0,8.0,10.0,2.0,2.0,5.0,6.0,80.0,83.3,40,48,0,1,1.0,16.0,1.0,20181018025432.0,21079^11077,0.1,5.5
168,,,3.0,-9.5,0.8695652173913043,9.5,0.8,130.5,0.8333333333333334,130.5,0.8333333333333334,7.0,,1.0,6.0,4.0,7.0,13.0,8.0,10.0,2.0,2.0,5.0,6.0,80.0,83.3,40,48,0,1,1.0,7.0,1.0,20181018025441.0,11077.0,0.1,5.5
169,,,3.0,-9.5,0.8695652173913043,9.5,0.8,130.5,0.7692307692307693,130.5,0.9090909090909091,7.0,,1.0,6.0,4.0,7.0,13.0,8.0,10.0,2.0,2.0,5.0,6.0,80.0,83.3,40,48,0,1,0.0,59.0,1.0,20181018025449.0,11077.0,0.1,5.5
170,,,3.0,-8.5,0.8333333333333334,8.5,0.8333333333333334,132.5,0.8333333333333334,132.5,0.8333333333333334,7.0,,1.0,6.0,4.0,7.0,13.0,8.0,10.0,2.0,2.0,5.0,6.0,80.0,83.3,42,48,0,1,1.0,3.0,1.0,20181018025452.0,11077.0,0.125,4.5
171,,,3.0,-8.5,0.8333333333333334,8.5,0.8333333333333334,132.5,0.8333333333333334,132.5,0.8333333333333334,7.0,^,1.0,6.0,4.0,8.0,13.0,8.0,10.0,2.0,2.0,5.0,6.0,80.0,83.3,42,48,0,1,1.0,3.0,1.0,20181018025452.0,11074^21077,0.125,4.5
172,,,3.0,-8.5,0.8333333333333334,8.5,0.8333333333333334,131.5,0.8695652173913043,131.5,0.8,7.0,^,1.0,6.0,4.0,8.0,13.0,8.0,10.0,2.0,2.0,5.0,6.0,80.0,83.3,42,48,0,1,1.0,50.0,1.0,20181018025507.0,11074^21077,0.125,4.5
173,,,3.0,-7.5,0.8333333333333334,7.5,0.8333333333333334,131.5,0.8333333333333334,131.5,0.8333333333333334,7.0,^,1.0,6.0,4.0,8.0,13.0,8.0,10.0,2.0,2.0,5.0,6.0,80.0,83.3,42,48,0,1,1.0,49.0,1.0,20181018025510.0,11077.0,0.15384615384615385,3.75
174,,,3.0,-7.5,0.8333333333333334,7.5,0.8333333333333334,131.5,0.8333333333333334,131.5,0.8333333333333334,7.0,^,1.0,6.0,4.0,8.0,13.0,8.0,10.0,2.0,2.0,5.0,6.0,80.0,83.3,42,48,0,1,1.0,48.0,1.0,20181018025511.0,11077.0,0.15384615384615385,3.75
175,,,3.0,-7.5,0.8333333333333334,7.5,0.8333333333333334,131.5,0.7692307692307693,131.5,0.9090909090909091,7.0,^,1.0,6.0,4.0,8.0,13.0,8.0,10.0,2.0,2.0,5.0,6.0,80.0,83.3,42,48,0,1,1.0,40.0,1.0,20181018025519.0,11077.0,0.15384615384615385,3.75
176,,,3.0,-5.5,0.8333333333333334,5.5,0.8333333333333334,134.5,0.8333333333333334,134.5,0.8333333333333334,7.0,^,1.0,7.0,4.0,8.0,13.0,8.0,10.0,2.0,2.0,5.0,6.0,80.0,83.3,45,48,0,1,1.0,41.0,1.0,20181018025522.0,11075^21077,0.25,2.75
177,,,3.0,-5.5,0.8333333333333334,5.5,0.8333333333333334,134.5,0.8333333333333334,134.5,0.8333333333333334,7.0,,1.0,7.0,4.0,8.0,13.0,8.0,10.0,2.0,2.0,5.0,6.0,80.0,83.3,45,48,0,1,1.0,40.0,1.0,20181018025523.0,21077.0,0.25,2.75
178,,,3.0,-5.5,0.8333333333333334,5.5,0.8333333333333334,133.5,0.8695652173913043,133.5,0.8,7.0,,1.0,7.0,4.0,8.0,13.0,8.0,10.0,2.0,2.0,5.0,6.0,80.0,83.3,45,48,0,1,1.0,31.0,1.0,20181018025532.0,21077.0,0.25,2.75
179,,,3.0,-5.5,0.8333333333333334,5.5,0.8333333333333334,133.5,0.8333333333333334,133.5,0.8333333333333334,7.0,,1.0,7.0,4.0,8.0,13.0,8.0,10.0,2.0,2.0,5.0,6.0,80.0,83.3,45,48,0,1,1.0,23.0,1.0,20181018025540.0,21077.0,0.25,2.75
180,,,3.0,-5.5,0.8333333333333334,5.5,0.8333333333333334,133.5,0.8333333333333334,133.5,0.8333333333333334,7.0,,1.0,7.0,4.0,8.0,13.0,8.0,10.0,2.0,2.0,5.0,6.0,80.0,83.3,45,48,0,1,1.0,23.0,1.0,20181018025544.0,21077.0,0.25,2.75
181,,,3.0,-5.5,0.8333333333333334,5.5,0.8333333333333334,133.5,0.8,133.5,0.8695652173913043,7.0,,1.0,7.0,4.0,8.0,13.0,8.0,10.0,2.0,2.0,5.0,6.0,80.0,83.3,45,48,0,1,1.0,22.0,0.0,20181018025545.0,21077.0,0.25,2.75
182,,,3.0,-5.5,0.8333333333333334,5.5,0.8333333333333334,133.5,0.8,133.5,0.8695652173913043,7.0,,1.0,7.0,4.0,8.0,13.0,8.0,10.0,2.0,2.0,5.0,6.0,80.0,83.3,45,48,0,1,1.0,23.0,0.0,20181018025557.0,21077.0,0.25,2.75
183,,,3.0,-5.5,0.8333333333333334,5.5,0.8333333333333334,133.5,0.8,133.5,0.8695652173913043,7.0,^,1.0,7.0,4.0,8.0,13.0,8.0,10.0,2.0,2.0,5.0,7.0,80.0,83.3,45,48,0,1,1.0,23.0,0.0,20181018025557.0,21086^11077,0.25,2.75
184,,,3.0,-5.5,0.8333333333333334,5.5,0.8333333333333334,133.5,0.8,133.5,0.8695652173913043,7.0,1:1^,1.0,7.0,4.0,8.0,13.0,8.0,10.0,2.0,2.0,5.0,7.0,72.7,83.3,45,48,0,1,1.0,23.0,1.0,20181018025627.0,11080^21077,0.25,2.75
185,,,3.0,-5.5,0.8333333333333334,5.5,0.8333333333333334,132.5,0.8333333333333334,132.5,0.8333333333333334,7.0,1:1^,1.0,7.0,4.0,8.0,13.0,8.0,10.0,2.0,2.0,5.0,7.0,72.7,83.3,45,48,0,1,1.0,14.0,1.0,20181018025636.0,11080^21077,0.25,2.75
186,,,3.0,-5.5,0.8333333333333334,5.5,0.8333333333333334,132.5,0.8,132.5,0.8695652173913043,7.0,1:1^,1.0,7.0,4.0,8.0,13.0,8.0,10.0,2.0,2.0,5.0,7.0,72.7,83.3,45,48,0,1,1.0,7.0,1.0,20181018025643.0,11080^21077,0.25,2.75
187,,,3.0,-4.5,0.8333333333333334,4.5,0.8333333333333334,133.5,0.8,133.5,0.8695652173913043,7.0,,1.0,7.0,4.0,8.0,13.0,8.0,10.0,2.0,2.0,5.0,7.0,72.7,83.3,45,48,0,1,1.0,22.0,1.0,20181018025644.0,11077.0,0.3125,2.3
188,,,3.0,-4.5,0.8333333333333334,4.5,0.8333333333333334,132.5,0.8333333333333334,132.5,0.8333333333333334,7.0,,1.0,7.0,4.0,8.0,13.0,8.0,10.0,2.0,2.0,5.0,7.0,72.7,83.3,45,48,0,1,1.0,13.0,1.0,20181018025652.0,11077.0,0.3125,2.3
189,,,3.0,-4.5,0.8333333333333334,4.5,0.8333333333333334,132.5,0.8,132.5,0.8695652173913043,7.0,,1.0,7.0,4.0,8.0,13.0,8.0,10.0,2.0,2.0,5.0,7.0,72.7,83.3,45,48,0,1,1.0,6.0,0.0,20181018025659.0,11077.0,0.3125,2.3
190,,,3.0,-4.5,0.8333333333333334,4.5,0.8333333333333334,132.5,0.8,132.5,0.8695652173913043,7.0,^,1.0,7.0,4.0,8.0,13.0,8.0,10.0,2.0,2.0,5.0,8.0,72.7,83.3,45,48,0,1,1.0,7.0,0.0,20181018025705.0,21086^11077,0.3125,2.3
191,,,3.0,-4.5,0.8695652173913043,4.5,0.8,133.5,0.8333333333333334,133.5,0.8333333333333334,7.0,1:2,1.0,7.0,4.0,8.0,13.0,8.0,10.0,2.0,2.0,5.0,8.0,72.7,83.3,45,48,0,1,1.0,7.0,0.0,20181018025707.0,11078.0,0.3333333333333333,2.25
192,,,3.0,-4.5,0.7692307692307693,4.5,0.9090909090909091,132.5,0.8695652173913043,132.5,0.8,7.0,1:2^2:2,1.0,7.0,4.0,8.0,13.0,8.0,10.0,2.0,2.0,5.0,8.0,66.7,83.3,45,48,0,1,1.0,7.0,0.0,20181018025730.0,11080^11078,0.2857142857142857,2.5
193,,,3.0,-4.5,0.8333333333333334,4.5,0.8333333333333334,133.5,0.8,133.5,0.8695652173913043,7.0,1:2^2:2,1.0,7.0,4.0,8.0,13.0,8.0,10.0,2.0,2.0,5.0,8.0,66.7,83.3,46,48,0,1,1.0,7.0,0.0,20181018025741.0,11080^11078,0.30303030303030304,2.4
194,,,3.0,-4.5,0.8333333333333334,4.5,0.8333333333333334,133.5,0.8,133.5,0.8695652173913043,7.0,2:2^,1.0,7.0,4.0,8.0,13.0,9.0,10.0,2.0,2.0,5.0,8.0,69.2,83.3,46,48,0,1,1.0,7.0,1.0,20181018025743.0,11079^21077,0.30303030303030304,2.4
195,,,3.0,-4.5,0.8333333333333334,4.5,0.8333333333333334,133.5,0.8,133.5,0.8695652173913043,7.0,2:2^,1.0,7.0,4.0,8.0,13.0,9.0,10.0,2.0,2.0,5.0,8.0,69.2,83.3,46,48,0,1,1.0,6.0,1.0,20181018025744.0,11079^21077,0.30303030303030304,2.4
196,,,3.0,-4.5,0.8333333333333334,4.5,0.8333333333333334,133.5,0.8,133.5,0.8695652173913043,7.0,,1.0,7.0,4.0,8.0,13.0,9.0,10.0,2.0,2.0,5.0,8.0,69.2,83.3,46,48,0,1,1.0,7.0,1.0,20181018025744.0,21077.0,0.30303030303030304,2.4
197,,,3.0,-4.5,0.8695652173913043,4.5,0.8,132.5,0.8695652173913043,132.5,0.8,7.0,,1.0,7.0,4.0,8.0,13.0,9.0,10.0,2.0,2.0,5.0,8.0,69.2,83.3,46,48,0,1,1.0,0.0,0.0,20181018025752.0,21077.0,0.3448275862068966,2.15
198,,,3.0,-4.5,0.8695652173913043,4.5,0.8,132.5,0.8695652173913043,132.5,0.8,7.0,,1.0,7.0,4.0,8.0,13.0,9.0,10.0,2.0,2.0,5.0,8.0,69.2,83.3,46,48,0,1,1.0,0.0,0.0,20181018025753.0,21077.0,0.3448275862068966,2.15
199,,,3.0,-4.5,0.8695652173913043,4.5,0.8,132.5,0.8695652173913043,132.5,0.8,7.0,,0.0,7.0,4.0,8.0,13.0,9.0,10.0,2.0,2.0,5.0,0.0,69.2,83.3,46,48,0,1,1.0,0.0,0.0,20181018025753.0,1082.0,0.3448275862068966,2.15
200,,,3.0,-4.5,0.8695652173913043,4.5,0.8,132.5,0.8695652173913043,132.5,0.8,7.0,,0.0,7.0,4.0,8.0,13.0,9.0,10.0,2.0,2.0,5.0,0.0,69.2,83.3,46,48,0,1,1.0,0.0,0.0,20181018025808.0,1082.0,0.3448275862068966,2.15
201,,,3.0,-4.5,0.8695652173913043,4.5,0.8,132.5,0.8695652173913043,132.5,0.8,7.0,,0.0,7.0,4.0,8.0,13.0,9.0,10.0,2.0,2.0,5.0,0.0,69.2,83.3,46,48,0,1,1.0,0.0,0.0,20181018030015.0,1082.0,0.3448275862068966,2.15
202,,,3.0,-4.5,0.8695652173913043,4.5,0.8,132.5,0.8695652173913043,132.5,0.8,7.0,^,0.0,7.0,4.0,8.0,13.0,9.0,10.0,2.0,2.0,5.0,0.0,69.2,83.3,46,48,0,1,1.0,0.0,1.0,20181018030016.0,01090^11077,0.3448275862068966,2.15
203,,,3.0,-4.5,0.8695652173913043,4.5,0.8,132.5,0.8695652173913043,132.5,0.8,7.0,,0.0,7.0,4.0,8.0,13.0,9.0,10.0,2.0,2.0,5.0,0.0,69.2,83.3,46,48,0,1,9.0,59.0,1.0,20181018030017.0,11077.0,0.3448275862068966,2.15
204,,,3.0,-4.5,0.9090909090909091,4.5,0.7692307692307693,132.5,0.8,132.5,0.8695652173913043,7.0,,0.0,7.0,4.0,8.0,13.0,9.0,10.0,2.0,2.0,5.0,0.0,69.2,83.3,46,48,0,1,9.0,50.0,1.0,20181018030025.0,11077.0,0.3448275862068966,2.15
205,,,3.0,-4.5,0.9090909090909091,4.5,0.7692307692307693,131.5,0.8333333333333334,131.5,0.8333333333333334,7.0,,0.0,7.0,4.0,8.0,13.0,9.0,10.0,2.0,2.0,5.0,0.0,69.2,83.3,46,48,0,1,9.0,42.0,1.0,20181018030034.0,11077.0,0.3448275862068966,2.15
206,,,3.0,-4.5,0.9090909090909091,4.5,0.7692307692307693,131.5,0.8333333333333334,131.5,0.8333333333333334,7.0,,0.0,7.0,4.0,8.0,13.0,9.0,10.0,2.0,2.0,5.0,0.0,69.2,83.3,46,48,0,1,9.0,35.0,1.0,20181018030034.0,11077.0,0.3448275862068966,2.15
207,,,3.0,-4.5,0.9090909090909091,4.5,0.7692307692307693,130.5,0.8333333333333334,130.5,0.8333333333333334,7.0,,0.0,7.0,4.0,8.0,13.0,9.0,10.0,2.0,2.0,5.0,0.0,69.2,83.3,46,48,0,1,9.0,27.0,1.0,20181018030048.0,11077.0,0.3448275862068966,2.15
208,,,3.0,-4.5,0.9090909090909091,4.5,0.7692307692307693,130.5,0.8333333333333334,130.5,0.8333333333333334,7.0,,0.0,7.0,4.0,8.0,13.0,9.0,10.0,2.0,2.0,5.0,0.0,69.2,83.3,46,48,0,1,9.0,24.0,0.0,20181018030051.0,11077.0,0.3448275862068966,2.15
209,,,3.0,-4.5,0.9090909090909091,4.5,0.7692307692307693,130.5,0.8333333333333334,130.5,0.8333333333333334,7.0,^,0.0,7.0,4.0,8.0,13.0,9.0,10.0,2.0,2.0,1.0,0.0,69.2,83.3,46,48,0,1,9.0,25.0,0.0,20181018030057.0,11086^21077,0.3448275862068966,2.15
210,,,3.0,-4.5,0.9090909090909091,4.5,0.7692307692307693,130.5,0.8333333333333334,130.5,0.8333333333333334,7.0,^,0.0,7.0,4.0,8.0,13.0,9.0,10.0,2.0,2.0,1.0,0.0,69.2,83.3,46,48,0,1,9.0,25.0,0.0,20181018030059.0,11086^21077,0.3448275862068966,2.15
211,,,3.0,-4.5,0.9090909090909091,4.5,0.7692307692307693,130.5,0.8333333333333334,130.5,0.8333333333333334,7.0,^,0.0,7.0,4.0,8.0,13.0,9.0,10.0,2.0,2.0,1.0,0.0,69.2,83.3,46,48,0,1,9.0,25.0,1.0,20181018030110.0,11086^21077,0.3448275862068966,2.15
212,,,3.0,-4.5,0.9090909090909091,4.5,0.7692307692307693,130.5,0.8333333333333334,130.5,0.8333333333333334,7.0,^,0.0,7.0,4.0,8.0,13.0,9.0,10.0,2.0,2.0,1.0,0.0,69.2,83.3,46,48,0,1,9.0,24.0,1.0,20181018030111.0,11086^21077,0.3448275862068966,2.15
213,,,3.0,-4.5,0.9090909090909091,4.5,0.7692307692307693,130.5,0.8,129.5,0.8695652173913043,7.0,,0.0,7.0,4.0,8.0,13.0,9.0,10.0,2.0,2.0,1.0,0.0,69.2,83.3,46,48,0,1,9.0,15.0,1.0,20181018030119.0,21077.0,0.3448275862068966,2.15
214,,,3.0,-5.5,0.8333333333333334,5.5,0.8333333333333334,131.5,0.8333333333333334,131.5,0.8333333333333334,7.0,^,0.0,7.0,4.0,8.0,14.0,9.0,10.0,2.0,2.0,1.0,0.0,69.2,83.3,46,50,0,1,9.0,11.0,1.0,20181018030124.0,21074^11077,0.2222222222222222,3.0
215,,,3.0,-5.5,0.8333333333333334,5.5,0.8333333333333334,131.5,0.8333333333333334,131.5,0.8333333333333334,7.0,,0.0,7.0,4.0,8.0,14.0,9.0,10.0,2.0,2.0,1.0,0.0,69.2,83.3,46,50,0,1,9.0,9.0,1.0,20181018030126.0,11077.0,0.2222222222222222,3.0
216,,,3.0,-5.5,0.8333333333333334,5.5,0.8333333333333334,130.5,0.8695652173913043,130.5,0.8,7.0,,0.0,7.0,4.0,8.0,14.0,9.0,10.0,2.0,2.0,1.0,0.0,69.2,83.3,46,50,0,1,9.0,0.0,1.0,20181018030134.0,11077.0,0.2222222222222222,3.0
217,,,3.0,-5.5,0.8333333333333334,5.5,0.8333333333333334,130.5,0.8,130.5,0.8695652173913043,7.0,,0.0,7.0,4.0,8.0,14.0,9.0,10.0,2.0,2.0,1.0,0.0,69.2,83.3,46,50,0,1,8.0,52.0,1.0,20181018030143.0,11077.0,0.2222222222222222,3.0
218,,,3.0,-4.5,0.8695652173913043,4.5,0.8,132.5,0.8,132.5,0.8695652173913043,7.0,^,0.0,7.0,4.0,9.0,14.0,9.0,10.0,2.0,2.0,1.0,0.0,69.2,83.3,48,50,0,1,8.0,50.0,1.0,20181018030145.0,11074^21077,0.3333333333333333,2.25
219,,,3.0,-4.5,0.8695652173913043,4.5,0.8,132.5,0.8,132.5,0.8695652173913043,7.0,^,0.0,7.0,4.0,9.0,14.0,9.0,10.0,2.0,2.0,1.0,0.0,69.2,83.3,48,50,0,1,8.0,48.0,1.0,20181018030145.0,11074^21077,0.3333333333333333,2.25
220,,,3.0,-4.5,0.8695652173913043,4.5,0.8,132.5,0.8,132.5,0.8695652173913043,7.0,^,0.0,7.0,4.0,9.0,14.0,9.0,10.0,2.0,2.0,1.0,0.0,69.2,83.3,48,50,0,1,8.0,47.0,1.0,20181018030147.0,11074^21077,0.3333333333333333,2.25
221,,,3.0,-4.5,0.8695652173913043,4.5,0.8,131.5,0.8333333333333334,131.5,0.8333333333333334,7.0,^,0.0,7.0,4.0,9.0,14.0,9.0,10.0,2.0,2.0,1.0,0.0,69.2,83.3,48,50,0,1,8.0,39.0,1.0,20181018030155.0,11074^21077,0.3333333333333333,2.25
222,,,3.0,-4.5,0.8695652173913043,4.5,0.8,131.5,0.7692307692307693,131.5,0.9090909090909091,7.0,^,0.0,7.0,4.0,9.0,14.0,9.0,10.0,2.0,2.0,1.0,0.0,69.2,83.3,48,50,0,1,8.0,31.0,1.0,20181018030204.0,11074^21077,0.3125,2.3
223,,,3.0,-4.5,0.8695652173913043,4.5,0.8,131.5,0.7692307692307693,131.5,0.9090909090909091,7.0,^,0.0,7.0,4.0,9.0,14.0,9.0,10.0,2.0,2.0,1.0,0.0,69.2,83.3,48,50,0,1,8.0,29.0,1.0,20181018030204.0,11074^21077,0.3125,2.3
224,,,3.0,-4.5,0.8695652173913043,4.5,0.8,131.5,0.8333333333333334,131.5,0.8333333333333334,7.0,^,0.0,7.0,4.0,9.0,14.0,9.0,10.0,2.0,2.0,1.0,0.0,69.2,83.3,48,50,0,1,8.0,21.0,1.0,20181018030213.0,11074^21077,0.38461538461538464,1.85
225,,,3.0,-4.5,0.8695652173913043,4.5,0.8,129.5,0.8695652173913043,129.5,0.8,7.0,^,0.0,7.0,4.0,9.0,14.0,9.0,10.0,2.0,2.0,1.0,0.0,69.2,83.3,48,50,0,1,8.0,13.0,1.0,20181018030222.0,11074^21077,0.38461538461538464,1.85
226,,,3.0,-4.5,0.8695652173913043,4.5,0.8,129.5,0.8333333333333334,129.5,0.8333333333333334,7.0,^,0.0,7.0,4.0,9.0,14.0,9.0,10.0,2.0,2.0,1.0,0.0,69.2,83.3,48,50,0,1,8.0,9.0,1.0,20181018030226.0,21077.0,0.3125,2.3
227,,,3.0,-4.5,0.8695652173913043,4.5,0.8,129.5,0.8333333333333334,129.5,0.8333333333333334,7.0,^,0.0,7.0,4.0,9.0,14.0,9.0,10.0,2.0,2.0,1.0,0.0,69.2,83.3,48,50,0,1,8.0,8.0,1.0,20181018030226.0,21077.0,0.3125,2.3
228,,,3.0,-3.5,0.8333333333333334,3.5,0.8333333333333334,128.5,0.9090909090909091,128.5,0.7692307692307693,7.0,^,0.0,7.0,4.0,9.0,14.0,9.0,10.0,2.0,2.0,1.0,0.0,69.2,83.3,48,50,0,1,8.0,2.0,1.0,20181018030233.0,11077.0,0.38461538461538464,1.85
229,,,3.0,-3.5,0.8333333333333334,3.5,0.8333333333333334,128.5,0.9090909090909091,128.5,0.7692307692307693,7.0,^,0.0,7.0,4.0,9.0,14.0,9.0,10.0,2.0,2.0,1.0,0.0,69.2,83.3,48,50,0,1,8.0,1.0,1.0,20181018030234.0,11077.0,0.38461538461538464,1.85
230,,,3.0,-3.5,0.8333333333333334,3.5,0.8333333333333334,128.5,0.8695652173913043,128.5,0.8,7.0,^,0.0,7.0,4.0,9.0,14.0,9.0,10.0,2.0,2.0,1.0,0.0,69.2,83.3,48,50,0,1,7.0,57.0,0.0,20181018030238.0,11077.0,0.38461538461538464,1.85
231,,,3.0,-3.5,0.8333333333333334,3.5,0.8333333333333334,128.5,0.8695652173913043,128.5,0.8,7.0,^,0.0,7.0,4.0,9.0,14.0,9.0,10.0,2.0,2.0,1.0,0.0,69.2,83.3,48,50,0,1,7.0,57.0,0.0,20181018030241.0,11077.0,0.38461538461538464,1.85
232,,,3.0,-3.5,0.8333333333333334,3.5,0.8333333333333334,128.5,0.8695652173913043,128.5,0.8,7.0,^,0.0,7.0,4.0,9.0,14.0,9.0,10.0,2.0,2.0,1.0,0.0,69.2,83.3,48,50,0,1,7.0,57.0,1.0,20181018030304.0,11077.0,0.38461538461538464,1.85
233,,,3.0,-3.5,0.8333333333333334,3.5,0.8333333333333334,128.5,0.8695652173913043,128.5,0.8,7.0,,0.0,7.0,4.0,9.0,14.0,9.0,10.0,2.0,2.0,1.0,0.0,69.2,83.3,48,50,0,1,7.0,57.0,1.0,20181018030305.0,11077.0,0.38461538461538464,1.85
234,,,3.0,-3.5,0.8333333333333334,3.5,0.8333333333333334,128.5,0.7692307692307693,128.5,0.9090909090909091,7.0,,0.0,7.0,4.0,9.0,14.0,9.0,10.0,2.0,2.0,1.0,0.0,69.2,83.3,48,50,0,1,7.0,48.0,1.0,20181018030313.0,11077.0,0.38461538461538464,1.85
235,,,3.0,-4.5,0.8695652173913043,4.5,0.8,128.5,0.7692307692307693,128.5,0.9090909090909091,7.0,,0.0,7.0,4.0,9.0,14.0,9.0,10.0,2.0,2.0,1.0,0.0,69.2,83.3,48,50,0,1,7.0,40.0,1.0,20181018030321.0,21077.0,0.30303030303030304,2.4
236,,,3.0,-4.5,0.8695652173913043,4.5,0.8,126.5,0.9090909090909091,126.5,0.7692307692307693,7.0,,0.0,7.0,4.0,9.0,14.0,9.0,10.0,2.0,2.0,1.0,0.0,69.2,83.3,48,50,0,1,7.0,31.0,1.0,20181018030329.0,21077.0,0.30303030303030304,2.4
237,,,3.0,-4.5,0.8695652173913043,4.5,0.8,126.5,0.8333333333333334,126.5,0.8333333333333334,7.0,,0.0,7.0,4.0,9.0,14.0,9.0,10.0,2.0,2.0,1.0,0.0,69.2,83.3,48,50,0,1,7.0,23.0,1.0,20181018030338.0,21077.0,0.30303030303030304,2.4
238,,,3.0,-5.5,0.7692307692307693,5.5,0.9090909090909091,129.5,0.8333333333333334,129.5,0.8333333333333334,7.0,^,0.0,7.0,5.0,9.0,14.0,9.0,10.0,2.0,2.0,1.0,0.0,69.2,83.3,48,53,0,1,7.0,23.0,1.0,20181018030339.0,21075^11077,0.18181818181818182,3.4
239,,,3.0,-5.5,0.7692307692307693,5.5,0.9090909090909091,129.5,0.8,129.5,0.8695652173913043,7.0,,0.0,7.0,5.0,9.0,14.0,9.0,10.0,2.0,2.0,1.0,0.0,69.2,83.3,48,53,0,1,7.0,21.0,1.0,20181018030340.0,11077.0,0.18181818181818182,3.4
240,,,3.0,-5.5,0.7692307692307693,5.5,0.9090909090909091,128.5,0.8695652173913043,128.5,0.8,7.0,,0.0,7.0,5.0,9.0,14.0,9.0,10.0,2.0,2.0,1.0,0.0,69.2,83.3,48,53,0,1,7.0,12.0,1.0,20181018030348.0,11077.0,0.18181818181818182,3.4
241,,,3.0,-5.5,0.9090909090909091,5.5,0.7692307692307693,130.5,0.8333333333333334,130.5,0.8333333333333334,7.0,^,0.0,7.0,5.0,10.0,14.0,9.0,10.0,2.0,2.0,1.0,0.0,69.2,83.3,50,53,0,1,7.0,6.0,1.0,20181018030355.0,11074^21077,0.23529411764705882,2.85
242,,,3.0,-5.5,0.9090909090909091,5.5,0.7692307692307693,130.5,0.8,130.5,0.8695652173913043,7.0,,0.0,7.0,5.0,10.0,14.0,9.0,10.0,2.0,2.0,1.0,0.0,69.2,83.3,50,53,0,1,7.0,4.0,1.0,20181018030357.0,21077.0,0.23529411764705882,2.85
243,,,3.0,-4.5,0.7692307692307693,4.5,0.9090909090909091,129.5,0.8695652173913043,129.5,0.8,7.0,,0.0,7.0,5.0,10.0,14.0,9.0,10.0,2.0,2.0,1.0,0.0,69.2,83.3,50,53,0,1,6.0,55.0,1.0,20181018030405.0,21077.0,0.23529411764705882,2.85
244,,,3.0,-4.5,0.7692307692307693,4.5,0.9090909090909091,129.5,0.8695652173913043,129.5,0.8,7.0,,0.0,7.0,5.0,10.0,14.0,9.0,10.0,2.0,2.0,1.0,0.0,69.2,83.3,50,53,0,1,6.0,54.0,0.0,20181018030407.0,21077.0,0.23529411764705882,2.85
245,,,3.0,-4.5,0.7692307692307693,4.5,0.9090909090909091,129.5,0.8695652173913043,129.5,0.8,7.0,^,0.0,7.0,5.0,10.0,14.0,9.0,10.0,2.0,2.0,2.0,0.0,69.2,83.3,50,53,0,1,6.0,55.0,0.0,20181018030408.0,11086^21077,0.23529411764705882,2.85
246,,,3.0,-4.5,0.7692307692307693,4.5,0.9090909090909091,129.5,0.8695652173913043,129.5,0.8,7.0,^,0.0,7.0,5.0,10.0,14.0,9.0,10.0,2.0,2.0,2.0,0.0,69.2,83.3,50,53,0,1,6.0,55.0,0.0,20181018030411.0,11086^21077,0.23529411764705882,2.85
247,44.0,5.0,3.0,-4.5,0.7692307692307693,4.5,0.9090909090909091,129.5,0.8695652173913043,129.5,0.8,7.0,,0.0,7.0,5.0,10.0,14.0,9.0,10.0,2.0,1.0,2.0,0.0,69.2,83.3,50,53,0,1,6.0,55.0,0.0,20181018030420.0,21081.0,0.23529411764705882,2.85
248,44.0,5.0,3.0,-4.5,0.7692307692307693,4.5,0.9090909090909091,129.5,0.8695652173913043,129.5,0.8,7.0,,0.0,7.0,5.0,10.0,14.0,9.0,10.0,2.0,1.0,2.0,0.0,69.2,83.3,50,53,0,1,6.0,54.0,0.0,20181018030420.0,21081.0,0.23529411764705882,2.85
249,44.0,5.0,3.0,-4.5,0.7692307692307693,4.5,0.9090909090909091,129.5,0.8333333333333334,129.5,0.8333333333333334,7.0,,0.0,7.0,5.0,10.0,14.0,9.0,10.0,2.0,1.0,2.0,0.0,69.2,83.3,50,53,0,1,6.0,54.0,0.0,20181018030600.0,21081.0,0.23529411764705882,2.85
250,44.0,5.0,3.0,-4.5,0.9090909090909091,4.5,0.7692307692307693,129.5,0.7692307692307693,129.5,0.9090909090909091,7.0,,0.0,7.0,5.0,10.0,14.0,9.0,10.0,2.0,1.0,2.0,0.0,69.2,83.3,50,53,0,1,6.0,46.0,0.0,20181018030607.0,11077.0,0.30303030303030304,2.4
251,44.0,5.0,3.0,-4.5,0.9090909090909091,4.5,0.7692307692307693,129.5,0.7692307692307693,129.5,0.9090909090909091,7.0,,0.0,7.0,5.0,10.0,14.0,9.0,10.0,2.0,1.0,2.0,0.0,69.2,83.3,50,53,0,1,6.0,45.0,0.0,20181018030607.0,11077.0,0.30303030303030304,2.4
252,44.0,5.0,3.0,-4.5,0.9090909090909091,4.5,0.7692307692307693,128.5,0.8333333333333334,128.5,0.8333333333333334,7.0,,0.0,7.0,5.0,10.0,14.0,9.0,10.0,2.0,1.0,2.0,0.0,69.2,83.3,50,53,0,1,6.0,37.0,0.0,20181018030616.0,11077.0,0.30303030303030304,2.4
253,44.0,5.0,3.0,-3.5,0.7692307692307693,3.5,0.9090909090909091,128.5,0.8,128.5,0.8695652173913043,7.0,,0.0,7.0,5.0,10.0,14.0,9.0,10.0,2.0,1.0,2.0,0.0,69.2,83.3,50,53,0,1,6.0,32.0,0.0,20181018030621.0,11077.0,0.30303030303030304,2.4
254,44.0,5.0,3.0,-3.5,0.7692307692307693,3.5,0.9090909090909091,128.5,0.8,128.5,0.8695652173913043,7.0,,0.0,7.0,5.0,10.0,14.0,9.0,10.0,2.0,1.0,2.0,0.0,69.2,83.3,50,53,0,1,6.0,32.0,1.0,20181018030633.0,11077.0,0.30303030303030304,2.4
255,44.0,5.0,3.0,-3.5,0.7692307692307693,3.5,0.9090909090909091,128.5,0.8,128.5,0.8695652173913043,7.0,,0.0,7.0,5.0,10.0,14.0,9.0,10.0,2.0,1.0,2.0,0.0,69.2,83.3,50,53,0,1,6.0,32.0,1.0,20181018030634.0,11077.0,0.30303030303030304,2.4
256,44.0,5.0,3.0,-3.5,0.7692307692307693,3.5,0.9090909090909091,128.5,0.8,128.5,0.8695652173913043,7.0,,0.0,7.0,5.0,10.0,14.0,9.0,10.0,2.0,1.0,2.0,0.0,69.2,83.3,50,53,0,1,6.0,32.0,1.0,20181018030642.0,11077.0,0.30303030303030304,2.4
257,44.0,5.0,3.0,-3.5,0.7692307692307693,3.5,0.9090909090909091,128.5,0.8,128.5,0.8695652173913043,7.0,,0.0,7.0,5.0,10.0,14.0,9.0,10.0,2.0,1.0,2.0,0.0,69.2,83.3,50,53,0,1,6.0,32.0,1.0,20181018030712.0,11077.0,0.30303030303030304,2.4
258,44.0,5.0,3.0,-4.5,0.7692307692307693,4.5,0.9090909090909091,128.5,0.8333333333333334,128.5,0.8333333333333334,7.0,,0.0,7.0,5.0,10.0,14.0,9.0,10.0,2.0,1.0,2.0,0.0,69.2,83.3,50,53,0,1,6.0,15.0,1.0,20181018030721.0,21077.0,0.2222222222222222,3.0
259,44.0,5.0,3.0,-4.5,0.7692307692307693,4.5,0.9090909090909091,128.5,0.8333333333333334,128.5,0.8333333333333334,7.0,,0.0,7.0,5.0,10.0,14.0,9.0,10.0,2.0,1.0,2.0,0.0,69.2,83.3,50,53,0,1,6.0,7.0,1.0,20181018030721.0,21077.0,0.2222222222222222,3.0
260,44.0,5.0,3.0,-4.5,0.7692307692307693,4.5,0.9090909090909091,128.5,0.7692307692307693,128.5,0.9090909090909091,7.0,,0.0,7.0,5.0,10.0,14.0,9.0,10.0,2.0,1.0,2.0,0.0,69.2,83.3,50,53,0,1,5.0,59.0,1.0,20181018030737.0,21077.0,0.2222222222222222,3.0
261,44.0,5.0,3.0,-4.5,0.7692307692307693,4.5,0.9090909090909091,125.5,0.8333333333333334,125.5,0.8333333333333334,7.0,,0.0,7.0,5.0,10.0,14.0,9.0,10.0,2.0,1.0,2.0,0.0,69.2,83.3,50,53,0,1,5.0,51.0,1.0,20181018030745.0,21077.0,0.2222222222222222,3.0
262,44.0,5.0,3.0,-4.5,0.7692307692307693,4.5,0.9090909090909091,125.5,0.8333333333333334,125.5,0.8333333333333334,7.0,,0.0,7.0,5.0,10.0,14.0,9.0,10.0,2.0,1.0,2.0,0.0,69.2,83.3,50,53,0,1,5.0,45.0,1.0,20181018030751.0,21077.0,0.2222222222222222,3.0
263,44.0,5.0,3.0,-4.5,0.7692307692307693,4.5,0.9090909090909091,124.5,0.8333333333333334,124.5,0.8333333333333334,7.0,,0.0,7.0,5.0,10.0,14.0,9.0,10.0,2.0,1.0,2.0,0.0,69.2,83.3,50,53,0,1,5.0,37.0,1.0,20181018030759.0,21077.0,0.2222222222222222,3.0
264,44.0,5.0,3.0,-5.5,0.8333333333333334,5.5,0.8333333333333334,126.5,0.7692307692307693,126.5,0.9090909090909091,7.0,^,0.0,7.0,5.0,10.0,15.0,9.0,10.0,2.0,1.0,2.0,0.0,69.2,83.3,50,55,0,1,5.0,31.0,1.0,20181018030806.0,21074^11077,0.16666666666666666,3.5
265,44.0,5.0,3.0,-5.5,0.8333333333333334,5.5,0.8333333333333334,126.5,0.7692307692307693,126.5,0.9090909090909091,7.0,^,0.0,7.0,5.0,10.0,15.0,9.0,10.0,2.0,1.0,2.0,0.0,69.2,83.3,50,55,0,1,5.0,30.0,0.0,20181018030807.0,21074^11077,0.16666666666666666,3.5
266,44.0,5.0,3.0,-6.5,0.8333333333333334,6.5,0.8333333333333334,125.5,1.0,125.5,0.7142857142857143,7.0,^,0.0,7.0,5.0,10.0,15.0,9.0,10.0,2.0,1.0,3.0,0.0,69.2,83.3,50,55,0,1,5.0,30.0,0.0,20181018030808.0,11086^21077,0.11764705882352941,4.75
267,44.0,5.0,3.0,-6.5,0.9090909090909091,6.5,0.7692307692307693,126.5,0.8695652173913043,126.5,0.8,7.0,1:1,0.0,7.0,5.0,10.0,15.0,9.0,10.0,2.0,1.0,3.0,0.0,69.2,83.3,50,55,0,1,5.0,30.0,0.0,20181018030809.0,21078.0,0.13333333333333333,4.25
268,44.0,5.0,3.0,-6.5,0.8333333333333334,6.5,0.8333333333333334,127.5,0.7692307692307693,127.5,0.9090909090909091,7.0,1:1^,0.0,7.0,5.0,10.0,15.0,9.0,11.0,2.0,1.0,3.0,0.0,69.2,84.6,50,56,0,1,5.0,30.0,0.0,20181018030832.0,21079^11077,0.11764705882352941,4.75
269,44.0,5.0,3.0,-6.5,0.8333333333333334,6.5,0.8333333333333334,127.5,0.7692307692307693,127.5,0.9090909090909091,7.0,1:1^,0.0,7.0,5.0,10.0,15.0,9.0,11.0,2.0,1.0,3.0,0.0,69.2,84.6,50,56,0,1,5.0,30.0,1.0,20181018030835.0,21079^11077,0.11764705882352941,4.75
270,44.0,5.0,3.0,-6.5,0.8333333333333334,6.5,0.8333333333333334,127.5,0.7692307692307693,127.5,0.9090909090909091,7.0,1:1^,0.0,7.0,5.0,10.0,15.0,9.0,11.0,2.0,1.0,3.0,0.0,69.2,84.6,50,56,0,1,5.0,29.0,1.0,20181018030835.0,21079^11077,0.11764705882352941,4.75
271,44.0,5.0,3.0,-6.5,0.8333333333333334,6.5,0.8333333333333334,127.5,0.7692307692307693,127.5,0.9090909090909091,7.0,,0.0,7.0,5.0,10.0,15.0,9.0,11.0,2.0,1.0,3.0,0.0,69.2,84.6,50,56,0,1,5.0,30.0,1.0,20181018030836.0,11077.0,0.11764705882352941,4.75
272,44.0,5.0,3.0,-6.5,0.8333333333333334,6.5,0.8333333333333334,126.5,0.8333333333333334,126.5,0.8333333333333334,7.0,,0.0,7.0,5.0,10.0,15.0,9.0,11.0,2.0,1.0,3.0,0.0,69.2,84.6,50,56,0,1,5.0,21.0,1.0,20181018030844.0,11077.0,0.11764705882352941,4.75
273,44.0,5.0,3.0,-6.5,0.8333333333333334,6.5,0.8333333333333334,126.5,0.8333333333333334,126.5,0.8333333333333334,7.0,,0.0,7.0,5.0,10.0,15.0,9.0,11.0,2.0,1.0,3.0,0.0,69.2,84.6,50,56,0,1,5.0,19.0,1.0,20181018030846.0,11077.0,0.11764705882352941,4.75
274,44.0,5.0,3.0,-6.5,0.8333333333333334,6.5,0.8333333333333334,126.5,0.8333333333333334,126.5,0.8333333333333334,7.0,,0.0,7.0,5.0,10.0,15.0,9.0,11.0,2.0,1.0,3.0,0.0,69.2,84.6,50,56,0,1,5.0,19.0,1.0,20181018030847.0,11077.0,0.11764705882352941,4.75
275,44.0,5.0,3.0,-6.5,0.8333333333333334,6.5,0.8333333333333334,126.5,0.8333333333333334,126.5,0.8333333333333334,7.0,,0.0,7.0,5.0,10.0,15.0,9.0,11.0,2.0,1.0,3.0,0.0,69.2,84.6,50,56,0,1,5.0,10.0,1.0,20181018030847.0,11077.0,0.11764705882352941,4.75
276,44.0,5.0,3.0,-6.5,0.8333333333333334,6.5,0.8333333333333334,126.5,0.8333333333333334,126.5,0.8333333333333334,7.0,,0.0,7.0,5.0,10.0,15.0,9.0,11.0,2.0,1.0,3.0,0.0,69.2,84.6,50,56,0,1,5.0,5.0,1.0,20181018030847.0,11077.0,0.11764705882352941,4.75
277,44.0,5.0,3.0,-6.5,0.8333333333333334,6.5,0.8333333333333334,126.5,0.7692307692307693,126.5,0.9090909090909091,7.0,,0.0,7.0,5.0,10.0,15.0,9.0,11.0,2.0,1.0,3.0,0.0,69.2,84.6,50,56,0,1,5.0,0.0,0.0,20181018030904.0,11077.0,0.11764705882352941,4.75
278,44.0,5.0,3.0,-6.5,0.8333333333333334,6.5,0.8333333333333334,126.5,0.7692307692307693,126.5,0.9090909090909091,7.0,,0.0,7.0,5.0,10.0,15.0,9.0,11.0,2.0,1.0,3.0,0.0,69.2,84.6,50,56,0,1,5.0,0.0,0.0,20181018030905.0,11077.0,0.11764705882352941,4.75
279,44.0,5.0,3.0,-6.5,0.8333333333333334,6.5,0.8333333333333334,126.5,0.8,126.5,0.8695652173913043,7.0,^,0.0,7.0,5.0,10.0,15.0,9.0,11.0,2.0,1.0,3.0,2.0,69.2,84.6,50,56,0,1,5.0,4.0,0.0,20181018030907.0,21086^11077,0.11764705882352941,4.75
280,44.0,5.0,3.0,-6.5,0.8333333333333334,6.5,0.8333333333333334,126.5,0.8,126.5,0.8695652173913043,7.0,^,0.0,7.0,5.0,10.0,15.0,9.0,11.0,2.0,1.0,3.0,2.0,69.2,84.6,50,56,0,1,5.0,4.0,0.0,20181018030908.0,21086^11077,0.11764705882352941,4.75
281,44.0,5.0,3.0,-6.5,0.8333333333333334,6.5,0.8333333333333334,126.5,0.8,126.5,0.8695652173913043,7.0,^,0.0,7.0,5.0,10.0,15.0,9.0,11.0,2.0,1.0,3.0,2.0,69.2,84.6,50,56,0,1,5.0,3.0,0.0,20181018030908.0,21086^11077,0.11764705882352941,4.75
282,44.0,5.0,3.0,-6.5,0.8333333333333334,6.5,0.8333333333333334,126.5,0.8,126.5,0.8695652173913043,7.0,,0.0,7.0,5.0,10.0,15.0,9.0,11.0,2.0,1.0,3.0,2.0,69.2,84.6,50,56,0,1,5.0,4.0,0.0,20181018030928.0,11077.0,0.11764705882352941,4.75
283,44.0,5.0,3.0,-6.5,0.8333333333333334,6.5,0.8333333333333334,124.5,0.9090909090909091,124.5,0.7692307692307693,7.0,,0.0,7.0,5.0,10.0,15.0,9.0,11.0,2.0,1.0,3.0,2.0,69.2,84.6,50,56,0,1,4.0,55.0,0.0,20181018030936.0,11077.0,0.11764705882352941,4.75
284,44.0,5.0,3.0,-7.5,0.8695652173913043,7.5,0.8,124.5,0.8333333333333334,124.5,0.8333333333333334,7.0,,0.0,7.0,5.0,10.0,15.0,9.0,11.0,2.0,1.0,3.0,2.0,69.2,84.6,50,56,0,1,4.0,51.0,0.0,20181018030941.0,21077.0,0.07142857142857142,6.5
285,44.0,5.0,3.0,-7.5,0.8695652173913043,7.5,0.8,123.5,0.9090909090909091,123.5,0.7692307692307693,7.0,,0.0,7.0,5.0,10.0,15.0,9.0,11.0,2.0,1.0,3.0,2.0,69.2,84.6,50,56,0,1,4.0,42.0,0.0,20181018030949.0,21077.0,0.07142857142857142,6.5
286,44.0,5.0,3.0,-8.5,0.8695652173913043,8.5,0.8,125.5,0.9090909090909091,125.5,0.7692307692307693,7.0,^,0.0,7.0,5.0,10.0,16.0,9.0,11.0,2.0,1.0,3.0,2.0,69.2,84.6,50,58,0,1,4.0,41.0,0.0,20181018030950.0,21074^11077,0.05,7.5
287,44.0,5.0,3.0,-8.5,0.9090909090909091,8.5,0.7692307692307693,125.5,0.9090909090909091,125.5,0.7692307692307693,7.0,^,0.0,7.0,5.0,10.0,16.0,9.0,11.0,2.0,1.0,3.0,2.0,69.2,84.6,50,58,0,1,4.0,39.0,0.0,20181018030952.0,21074^11077,0.05,7.5
288,44.0,5.0,3.0,-9.5,0.9090909090909091,9.5,0.7692307692307693,125.5,0.9090909090909091,125.5,0.7692307692307693,7.0,^,1.0,7.0,5.0,10.0,16.0,9.0,11.0,2.0,1.0,4.0,2.0,69.2,84.6,50,58,0,1,4.0,40.0,0.0,20181018030954.0,11086^21077,0.030303030303030304,9.0
289,44.0,5.0,3.0,-8.5,0.7692307692307693,8.5,0.9090909090909091,126.5,0.8,126.5,0.8695652173913043,7.0,1:1,1.0,7.0,5.0,10.0,16.0,9.0,11.0,2.0,1.0,4.0,2.0,69.2,84.6,50,58,0,1,4.0,40.0,0.0,20181018031001.0,21078.0,0.04,8.0
290,44.0,5.0,3.0,-9.5,0.9090909090909091,9.5,0.7692307692307693,125.5,0.8695652173913043,125.5,0.8,7.0,1:1,1.0,7.0,5.0,10.0,16.0,9.0,11.0,2.0,1.0,4.0,2.0,69.2,84.6,50,58,0,1,4.0,40.0,0.0,20181018031008.0,21078.0,0.030303030303030304,9.0
291,44.0,5.0,3.0,-9.5,0.9090909090909091,9.5,0.7692307692307693,125.5,0.8695652173913043,125.5,0.8,7.0,1:1,1.0,7.0,5.0,10.0,16.0,9.0,11.0,2.0,1.0,4.0,2.0,69.2,84.6,50,58,0,1,4.0,40.0,1.0,20181018031015.0,21078.0,0.030303030303030304,9.0
292,44.0,5.0,3.0,-9.5,0.9090909090909091,9.5,0.7692307692307693,125.5,0.8695652173913043,125.5,0.8,7.0,1:1,1.0,7.0,5.0,10.0,16.0,9.0,11.0,2.0,1.0,4.0,2.0,69.2,84.6,50,58,0,1,4.0,39.0,1.0,20181018031016.0,21078.0,0.030303030303030304,9.0
293,44.0,5.0,3.0,-9.5,0.9090909090909091,9.5,0.7692307692307693,125.5,0.8695652173913043,125.5,0.8,7.0,,1.0,7.0,5.0,10.0,16.0,9.0,11.0,2.0,1.0,4.0,2.0,69.2,84.6,50,58,0,1,4.0,40.0,1.0,20181018031016.0,21077.0,0.030303030303030304,9.0
294,44.0,5.0,3.0,-9.5,0.9090909090909091,9.5,0.7692307692307693,125.5,0.7692307692307693,125.5,0.9090909090909091,7.0,,1.0,7.0,5.0,10.0,16.0,9.0,11.0,2.0,1.0,4.0,2.0,69.2,84.6,50,58,0,1,4.0,31.0,1.0,20181018031024.0,21077.0,0.030303030303030304,9.0
295,44.0,5.0,3.0,-8.5,0.9090909090909091,8.5,0.7692307692307693,125.5,0.7692307692307693,125.5,0.9090909090909091,7.0,,1.0,7.0,5.0,10.0,16.0,9.0,11.0,2.0,1.0,4.0,2.0,69.2,84.6,50,58,0,1,4.0,32.0,1.0,20181018031031.0,11077.0,0.05,7.5
296,44.0,5.0,3.0,-8.5,0.9090909090909091,8.5,0.7692307692307693,125.5,0.7692307692307693,125.5,0.9090909090909091,7.0,,1.0,7.0,5.0,10.0,16.0,9.0,11.0,2.0,1.0,4.0,2.0,69.2,84.6,50,58,0,1,4.0,31.0,1.0,20181018031031.0,11077.0,0.05,7.5
297,44.0,5.0,3.0,-8.5,0.9090909090909091,8.5,0.7692307692307693,124.5,0.8695652173913043,124.5,0.8,7.0,,1.0,7.0,5.0,10.0,16.0,9.0,11.0,2.0,1.0,4.0,2.0,69.2,84.6,50,58,0,1,4.0,23.0,1.0,20181018031039.0,11077.0,0.044444444444444446,7.75
298,44.0,5.0,3.0,-9.5,0.9090909090909091,9.5,0.7692307692307693,124.5,0.8333333333333334,124.5,0.8333333333333334,7.0,,1.0,7.0,5.0,10.0,16.0,9.0,11.0,2.0,1.0,4.0,2.0,69.2,84.6,50,58,0,1,4.0,23.0,1.0,20181018031043.0,21077.0,0.030303030303030304,9.0
299,44.0,5.0,3.0,-9.5,0.9090909090909091,9.5,0.7692307692307693,124.5,0.8333333333333334,124.5,0.8333333333333334,7.0,,1.0,7.0,5.0,10.0,16.0,9.0,11.0,2.0,1.0,4.0,2.0,69.2,84.6,50,58,0,1,4.0,21.0,0.0,20181018031044.0,21077.0,0.030303030303030304,9.0
300,44.0,5.0,3.0,-9.5,0.9090909090909091,9.5,0.7692307692307693,124.5,0.8333333333333334,124.5,0.8333333333333334,7.0,^,1.0,7.0,5.0,10.0,16.0,9.0,11.0,2.0,1.0,5.0,2.0,69.2,84.6,50,58,0,1,4.0,22.0,0.0,20181018031048.0,11086^21077,0.030303030303030304,9.0
301,44.0,5.0,3.0,-9.5,0.8333333333333334,9.5,0.8333333333333334,125.5,0.9090909090909091,125.5,0.7692307692307693,7.0,1:2,1.0,7.0,5.0,10.0,16.0,9.0,11.0,2.0,1.0,5.0,2.0,69.2,84.6,50,58,0,1,4.0,22.0,0.0,20181018031051.0,21078.0,0.030303030303030304,9.0
302,44.0,5.0,3.0,-9.5,0.7692307692307693,9.5,0.9090909090909091,126.5,0.7692307692307693,126.5,0.9090909090909091,7.0,1:2^2:2,1.0,7.0,5.0,10.0,16.0,9.0,12.0,2.0,1.0,5.0,2.0,69.2,85.7,50,59,0,1,4.0,22.0,0.0,20181018031129.0,21079^21078,0.025,9.5
303,44.0,5.0,3.0,-10.5,0.9090909090909091,10.5,0.7692307692307693,126.5,0.8333333333333334,126.5,0.8333333333333334,7.0,2:2^,1.0,7.0,5.0,10.0,16.0,9.0,13.0,2.0,1.0,5.0,2.0,69.2,86.7,50,60,0,1,4.0,22.0,0.0,20181018031141.0,21079^11077,0.016666666666666666,10.5
304,44.0,5.0,3.0,-10.5,0.9090909090909091,10.5,0.7692307692307693,126.5,0.8333333333333334,126.5,0.8333333333333334,7.0,,1.0,7.0,5.0,10.0,16.0,9.0,13.0,1.0,1.0,5.0,2.0,69.2,86.7,50,60,0,1,4.0,22.0,0.0,20181018031146.0,11081.0,0.016666666666666666,10.5
305,44.0,5.0,3.0,-10.5,0.9090909090909091,10.5,0.7692307692307693,126.5,0.8333333333333334,126.5,0.8333333333333334,7.0,,1.0,7.0,5.0,10.0,16.0,9.0,13.0,1.0,1.0,5.0,2.0,69.2,86.7,50,60,0,1,4.0,21.0,0.0,20181018031146.0,11081.0,0.016666666666666666,10.5
306,44.0,5.0,3.0,-10.5,0.9090909090909091,10.5,0.7692307692307693,126.5,0.8333333333333334,126.5,0.8333333333333334,7.0,,1.0,7.0,5.0,10.0,16.0,9.0,13.0,1.0,1.0,5.0,2.0,69.2,86.7,50,60,0,1,4.0,21.0,0.0,20181018031323.0,11081.0,0.016666666666666666,10.5
307,44.0,5.0,3.0,-10.5,0.9090909090909091,10.5,0.7692307692307693,125.5,0.9090909090909091,125.5,0.7692307692307693,7.0,,1.0,7.0,5.0,10.0,16.0,9.0,13.0,1.0,1.0,5.0,2.0,69.2,86.7,50,60,0,1,4.0,12.0,0.0,20181018031331.0,11081.0,0.016666666666666666,10.5
308,44.0,5.0,3.0,-10.5,0.9090909090909091,10.5,0.7692307692307693,125.5,0.8333333333333334,125.5,0.8333333333333334,7.0,,1.0,7.0,5.0,10.0,16.0,9.0,13.0,1.0,1.0,5.0,2.0,69.2,86.7,50,60,0,1,4.0,4.0,0.0,20181018031339.0,11081.0,0.016666666666666666,10.5
309,44.0,5.0,3.0,-9.5,0.9090909090909091,9.5,0.7692307692307693,127.5,0.8333333333333334,127.5,0.8333333333333334,7.0,^,1.0,7.0,5.0,11.0,16.0,9.0,13.0,1.0,1.0,5.0,2.0,69.2,86.7,52,60,0,1,4.0,4.0,0.0,20181018031340.0,11074^21077,0.025,9.5
310,44.0,5.0,3.0,-9.5,0.9090909090909091,9.5,0.7692307692307693,127.5,0.8333333333333334,127.5,0.8333333333333334,7.0,,1.0,7.0,5.0,11.0,16.0,9.0,13.0,1.0,1.0,5.0,2.0,69.2,86.7,52,60,0,1,4.0,3.0,0.0,20181018031341.0,21077.0,0.025,9.5
311,44.0,5.0,3.0,-9.5,0.9090909090909091,9.5,0.7692307692307693,126.5,0.9090909090909091,126.5,0.7692307692307693,7.0,,1.0,7.0,5.0,11.0,16.0,9.0,13.0,1.0,1.0,5.0,2.0,69.2,86.7,52,60,0,1,3.0,54.0,0.0,20181018031349.0,21077.0,0.025,9.5
312,44.0,5.0,3.0,-9.5,0.9090909090909091,9.5,0.7692307692307693,126.5,0.8,126.5,0.8695652173913043,7.0,,1.0,7.0,5.0,11.0,16.0,9.0,13.0,1.0,1.0,5.0,2.0,69.2,86.7,52,60,0,1,3.0,46.0,0.0,20181018031357.0,21077.0,0.025,9.5
313,44.0,5.0,3.0,-9.5,0.9090909090909091,9.5,0.7692307692307693,126.5,0.8,126.5,0.8695652173913043,7.0,,1.0,7.0,5.0,11.0,16.0,9.0,13.0,1.0,1.0,5.0,2.0,69.2,86.7,52,60,0,1,3.0,39.0,0.0,20181018031357.0,21077.0,0.025,9.5
314,44.0,5.0,3.0,-9.5,0.9090909090909091,9.5,0.7692307692307693,126.5,0.8333333333333334,126.5,0.8333333333333334,7.0,,1.0,7.0,5.0,11.0,16.0,9.0,13.0,1.0,1.0,5.0,2.0,69.2,86.7,52,60,0,1,3.0,31.0,0.0,20181018031412.0,21077.0,0.03571428571428571,8.5
315,44.0,5.0,3.0,-9.5,0.9090909090909091,9.5,0.7692307692307693,124.5,1.0,124.5,0.7142857142857143,7.0,,1.0,7.0,5.0,11.0,16.0,9.0,13.0,1.0,1.0,5.0,2.0,69.2,86.7,52,60,0,1,3.0,23.0,0.0,20181018031420.0,21077.0,0.03571428571428571,8.5
316,44.0,5.0,3.0,-7.5,0.9090909090909091,7.5,0.7692307692307693,126.5,0.9090909090909091,126.5,0.7692307692307693,7.0,,1.0,7.0,5.0,11.0,16.0,9.0,13.0,1.0,1.0,5.0,2.0,69.2,86.7,54,60,0,1,3.0,20.0,0.0,20181018031423.0,21077.0,0.05555555555555555,7.25
317,44.0,5.0,3.0,-7.5,0.9090909090909091,7.5,0.7692307692307693,126.5,0.9090909090909091,126.5,0.7692307692307693,7.0,^,1.0,7.0,5.0,12.0,16.0,9.0,13.0,1.0,1.0,5.0,2.0,69.2,86.7,54,60,0,1,3.0,20.0,0.0,20181018031423.0,11074^21077,0.05555555555555555,7.25
318,44.0,5.0,3.0,-7.5,0.9090909090909091,7.5,0.7692307692307693,126.5,0.7692307692307693,126.5,0.9090909090909091,7.0,^,1.0,7.0,5.0,12.0,16.0,9.0,13.0,1.0,1.0,5.0,2.0,69.2,86.7,54,60,0,1,3.0,10.0,0.0,20181018031433.0,11074^21077,0.05555555555555555,7.25
319,44.0,5.0,3.0,-7.5,0.9090909090909091,7.5,0.7692307692307693,125.5,0.8695652173913043,125.5,0.8,7.0,^,1.0,7.0,5.0,12.0,16.0,9.0,13.0,1.0,1.0,5.0,2.0,69.2,86.7,54,60,0,1,3.0,2.0,0.0,20181018031441.0,11074^21077,0.05,7.5
320,44.0,5.0,3.0,-6.5,0.7142857142857143,6.5,1.0,125.5,0.8695652173913043,125.5,0.8,5.0,^,1.0,7.0,5.0,12.0,16.0,9.0,13.0,1.0,1.0,5.0,2.0,69.2,86.7,54,60,0,1,2.0,54.0,0.0,20181018031449.0,11074^21077,0.05,7.5
321,44.0,5.0,3.0,-6.5,0.7142857142857143,6.5,1.0,125.5,0.8695652173913043,125.5,0.8,5.0,^,1.0,7.0,5.0,12.0,16.0,9.0,13.0,1.0,1.0,5.0,2.0,69.2,86.7,54,60,0,1,2.0,49.0,0.0,20181018031449.0,11074^21077,0.05,7.5
322,44.0,5.0,3.0,-5.5,0.7142857142857143,5.5,1.0,125.5,0.8695652173913043,125.5,0.8,5.0,^,1.0,7.0,5.0,12.0,16.0,9.0,13.0,1.0,1.0,5.0,2.0,69.2,86.7,54,60,0,1,2.0,45.0,0.0,20181018031459.0,11074^21077,0.05,7.5
323,44.0,5.0,3.0,-5.5,0.7142857142857143,5.5,1.0,125.5,0.8695652173913043,125.5,0.8,5.0,^,1.0,7.0,5.0,12.0,16.0,9.0,13.0,1.0,1.0,5.0,3.0,69.2,86.7,54,60,0,1,2.0,45.0,0.0,20181018031500.0,21086^11077,0.05,7.5
324,44.0,5.0,3.0,-5.5,0.7142857142857143,5.5,1.0,125.5,0.8695652173913043,125.5,0.8,5.0,^,1.0,7.0,5.0,12.0,16.0,9.0,13.0,1.0,1.0,5.0,3.0,69.2,86.7,54,60,0,1,2.0,45.0,0.0,20181018031501.0,21086^11077,0.05,7.5
325,44.0,5.0,3.0,-5.5,0.7142857142857143,5.5,1.0,125.5,0.8695652173913043,125.5,0.8,5.0,^,1.0,7.0,5.0,12.0,16.0,9.0,13.0,1.0,1.0,5.0,3.0,69.2,86.7,54,60,0,1,2.0,45.0,1.0,20181018031529.0,21086^11077,0.05,7.5
326,44.0,5.0,3.0,-5.5,0.7142857142857143,5.5,1.0,125.5,0.8695652173913043,125.5,0.8,5.0,^,1.0,7.0,5.0,12.0,16.0,9.0,13.0,1.0,1.0,5.0,3.0,69.2,86.7,54,60,0,1,2.0,44.0,1.0,20181018031529.0,21086^11077,0.05,7.5
327,44.0,5.0,3.0,-5.5,0.7142857142857143,5.5,1.0,125.5,0.8695652173913043,125.5,0.8,5.0,,1.0,7.0,5.0,12.0,16.0,9.0,13.0,1.0,1.0,5.0,3.0,69.2,86.7,54,60,0,1,2.0,44.0,1.0,20181018031530.0,11077.0,0.05,7.5
328,44.0,5.0,3.0,-5.5,0.7142857142857143,5.5,1.0,125.5,0.8695652173913043,125.5,0.8,5.0,,1.0,7.0,5.0,12.0,16.0,9.0,13.0,1.0,1.0,5.0,3.0,69.2,86.7,54,60,0,1,2.0,35.0,1.0,20181018031538.0,11077.0,0.05,7.5
329,44.0,5.0,3.0,-6.5,0.7142857142857143,6.5,1.0,125.5,0.8695652173913043,125.5,0.8,5.0,,1.0,7.0,5.0,12.0,16.0,9.0,13.0,1.0,1.0,5.0,3.0,69.2,86.7,54,60,0,1,2.0,28.0,1.0,20181018031546.0,21077.0,0.04,8.0
330,44.0,5.0,3.0,-6.5,0.7142857142857143,6.5,1.0,125.5,0.8695652173913043,125.5,0.8,5.0,,1.0,7.0,5.0,12.0,16.0,9.0,13.0,1.0,1.0,5.0,3.0,69.2,86.7,54,60,0,1,2.0,19.0,1.0,20181018031554.0,21077.0,0.03571428571428571,8.5
331,44.0,5.0,3.0,-6.5,0.7692307692307693,6.5,0.9090909090909091,125.5,0.8695652173913043,125.5,0.8,5.0,,1.0,7.0,5.0,12.0,16.0,9.0,13.0,1.0,1.0,5.0,3.0,69.2,86.7,54,60,0,1,2.0,12.0,0.0,20181018031602.0,21077.0,0.03571428571428571,8.5
332,44.0,5.0,3.0,-6.5,0.7692307692307693,6.5,0.9090909090909091,125.5,0.8695652173913043,125.5,0.8,5.0,^,1.0,7.0,5.0,12.0,16.0,9.0,13.0,1.0,1.0,6.0,3.0,69.2,86.7,54,60,0,1,2.0,12.0,0.0,20181018031606.0,11086^21077,0.03571428571428571,8.5
333,44.0,5.0,3.0,-7.5,0.9090909090909091,7.5,0.7692307692307693,125.5,0.8695652173913043,125.5,0.8,5.0,1:2,1.0,7.0,5.0,12.0,16.0,9.0,13.0,1.0,1.0,6.0,3.0,69.2,86.7,54,60,0,1,2.0,12.0,0.0,20181018031607.0,21078.0,0.03571428571428571,8.5
334,44.0,5.0,3.0,-7.5,0.8333333333333334,7.5,0.8333333333333334,125.5,0.8695652173913043,125.5,0.8,5.0,1:2^2:2,1.0,7.0,5.0,12.0,16.0,9.0,14.0,1.0,1.0,6.0,3.0,69.2,87.5,54,61,0,1,2.0,12.0,0.0,20181018031637.0,21079^21078,0.025,9.5
335,44.0,5.0,3.0,-6.5,0.7692307692307693,6.5,0.9090909090909091,125.5,0.8695652173913043,125.5,0.8,5.0,2:2^,1.0,7.0,5.0,12.0,16.0,9.0,14.0,1.0,1.0,6.0,3.0,69.2,82.4,54,61,0,1,2.0,12.0,1.0,20181018031650.0,21080^11077,0.03571428571428571,8.5
336,44.0,5.0,3.0,-6.5,0.7692307692307693,6.5,0.9090909090909091,125.5,0.8695652173913043,125.5,0.8,5.0,2:2^,1.0,7.0,5.0,12.0,16.0,9.0,14.0,1.0,1.0,6.0,3.0,69.2,82.4,54,61,0,1,2.0,11.0,1.0,20181018031650.0,21080^11077,0.03571428571428571,8.5
337,44.0,5.0,3.0,-6.5,0.7692307692307693,6.5,0.9090909090909091,125.5,0.8695652173913043,125.5,0.8,5.0,2:2^,1.0,7.0,5.0,12.0,16.0,9.0,14.0,1.0,1.0,6.0,3.0,69.2,82.4,54,61,0,1,2.0,4.0,0.0,20181018031700.0,21080^11077,0.030303030303030304,9.0
338,44.0,5.0,3.0,-6.5,0.7692307692307693,6.5,0.9090909090909091,125.5,0.8695652173913043,125.5,0.8,5.0,^,1.0,7.0,5.0,12.0,16.0,9.0,14.0,1.0,1.0,6.0,4.0,69.2,82.4,54,61,0,1,2.0,4.0,0.0,20181018031702.0,21086^11077,0.030303030303030304,9.0
339,44.0,5.0,3.0,-6.5,0.7692307692307693,6.5,0.9090909090909091,125.5,0.8695652173913043,125.5,0.8,5.0,^,1.0,7.0,5.0,12.0,16.0,9.0,14.0,1.0,1.0,6.0,4.0,69.2,82.4,54,61,0,1,2.0,4.0,0.0,20181018031703.0,21086^11077,0.030303030303030304,9.0
340,44.0,5.0,3.0,-6.5,0.7692307692307693,6.5,0.9090909090909091,125.5,0.8695652173913043,125.5,0.8,5.0,^,1.0,7.0,5.0,12.0,16.0,9.0,14.0,1.0,1.0,6.0,4.0,69.2,82.4,54,61,0,1,2.0,4.0,1.0,20181018031721.0,21086^11077,0.030303030303030304,9.0
341,44.0,5.0,3.0,-6.5,0.7692307692307693,6.5,0.9090909090909091,125.5,0.8695652173913043,125.5,0.8,5.0,^,1.0,7.0,5.0,12.0,16.0,9.0,14.0,1.0,1.0,6.0,4.0,69.2,82.4,54,61,0,1,2.0,3.0,1.0,20181018031722.0,21086^11077,0.030303030303030304,9.0
342,44.0,5.0,3.0,-6.5,0.7692307692307693,6.5,0.9090909090909091,125.5,0.8695652173913043,125.5,0.8,5.0,,1.0,7.0,5.0,12.0,16.0,9.0,14.0,1.0,1.0,6.0,4.0,69.2,82.4,54,61,0,1,2.0,3.0,1.0,20181018031722.0,11077.0,0.030303030303030304,9.0
343,44.0,5.0,3.0,-6.5,0.7692307692307693,6.5,0.9090909090909091,125.5,0.8695652173913043,125.5,0.8,5.0,,1.0,7.0,5.0,12.0,16.0,9.0,14.0,1.0,1.0,6.0,4.0,69.2,82.4,54,61,0,1,2.0,57.0,1.0,20181018031722.0,11077.0,0.030303030303030304,9.0
344,44.0,5.0,3.0,-6.5,0.7692307692307693,6.5,0.9090909090909091,125.5,0.8695652173913043,125.5,0.8,5.0,,1.0,7.0,5.0,12.0,16.0,9.0,14.0,1.0,1.0,6.0,4.0,69.2,82.4,54,61,0,1,2.0,49.0,1.0,20181018031735.0,11077.0,0.013333333333333334,11.5
345,44.0,5.0,3.0,-6.5,0.7692307692307693,6.5,0.9090909090909091,125.5,0.8695652173913043,125.5,0.8,5.0,,1.0,7.0,5.0,12.0,16.0,9.0,14.0,1.0,1.0,6.0,4.0,69.2,82.4,54,61,0,1,2.0,41.0,1.0,20181018031744.0,11077.0,0.011111111111111112,13.0
346,44.0,5.0,3.0,-6.5,0.7692307692307693,6.5,0.9090909090909091,125.5,0.8695652173913043,125.5,0.8,5.0,,1.0,7.0,5.0,12.0,16.0,9.0,14.0,1.0,1.0,6.0,4.0,69.2,82.4,54,61,0,1,2.0,41.0,1.0,20181018031752.0,11077.0,0.011111111111111112,13.0
347,44.0,5.0,3.0,-6.5,0.7692307692307693,6.5,0.9090909090909091,125.5,0.8695652173913043,125.5,0.8,5.0,,1.0,7.0,5.0,12.0,16.0,9.0,14.0,1.0,1.0,6.0,4.0,69.2,82.4,54,61,0,1,2.0,32.0,1.0,20181018031752.0,11077.0,0.011111111111111112,13.0
348,44.0,5.0,3.0,-8.5,0.7692307692307693,8.5,0.9090909090909091,125.5,0.8695652173913043,125.5,0.8,2.0,^,1.0,7.0,5.0,12.0,17.0,9.0,14.0,1.0,1.0,6.0,4.0,69.2,82.4,54,63,0,1,2.0,33.0,1.0,20181018031753.0,21074^11077,0.011111111111111112,13.0
349,44.0,5.0,3.0,-8.5,0.7692307692307693,8.5,0.9090909090909091,125.5,0.8695652173913043,125.5,0.8,2.0,,1.0,7.0,5.0,12.0,17.0,9.0,14.0,1.0,1.0,6.0,4.0,69.2,82.4,54,63,0,1,2.0,28.0,1.0,20181018031757.0,11077.0,0.011111111111111112,13.0
350,44.0,5.0,3.0,-8.5,0.7692307692307693,8.5,0.9090909090909091,125.5,0.8695652173913043,125.5,0.8,2.0,,1.0,7.0,5.0,12.0,17.0,9.0,14.0,1.0,1.0,6.0,4.0,69.2,82.4,54,63,0,1,2.0,19.0,1.0,20181018031805.0,11077.0,0.011111111111111112,13.0
351,44.0,5.0,3.0,-7.5,0.7692307692307693,7.5,0.9090909090909091,125.5,0.8695652173913043,125.5,0.8,3.0,,1.0,7.0,5.0,12.0,17.0,9.0,14.0,1.0,1.0,6.0,4.0,69.2,82.4,56,63,0,1,2.0,19.0,1.0,20181018031806.0,11077.0,0.011111111111111112,13.0
352,44.0,5.0,3.0,-7.5,0.7692307692307693,7.5,0.9090909090909091,125.5,0.8695652173913043,125.5,0.8,3.0,,1.0,7.0,5.0,12.0,17.0,9.0,14.0,1.0,1.0,6.0,4.0,69.2,82.4,56,63,0,1,2.0,19.0,1.0,20181018031807.0,21077.0,0.011111111111111112,13.0
353,44.0,5.0,3.0,-7.5,0.7692307692307693,7.5,0.9090909090909091,125.5,0.8695652173913043,125.5,0.8,3.0,,1.0,7.0,5.0,12.0,17.0,9.0,14.0,1.0,1.0,6.0,4.0,69.2,82.4,56,63,0,1,2.0,10.0,1.0,20181018031815.0,21077.0,0.005,16.0
354,44.0,5.0,3.0,-7.5,0.7692307692307693,7.5,0.9090909090909091,125.5,0.8695652173913043,125.5,0.8,2.0,,1.0,7.0,5.0,12.0,17.0,9.0,14.0,1.0,1.0,6.0,4.0,69.2,82.4,56,63,0,1,2.0,2.0,1.0,20181018031823.0,21077.0,0.005,16.0
355,44.0,5.0,3.0,-7.5,0.7692307692307693,7.5,0.9090909090909091,125.5,0.8695652173913043,125.5,0.8,2.0,,1.0,7.0,5.0,12.0,17.0,9.0,14.0,1.0,1.0,6.0,4.0,69.2,82.4,56,63,0,1,0.0,57.0,0.0,20181018031828.0,21077.0,0.005,16.0
356,44.0,5.0,3.0,-6.5,0.7692307692307693,6.5,0.9090909090909091,125.5,0.8695652173913043,125.5,0.8,3.0,^,1.0,7.0,5.0,12.0,17.0,9.0,14.0,1.0,1.0,6.0,5.0,69.2,82.4,56,63,0,1,1.0,0.0,0.0,20181018031829.0,21086^11077,0.005,16.0
357,44.0,5.0,3.0,-6.5,0.7692307692307693,6.5,0.9090909090909091,125.5,0.8695652173913043,125.5,0.8,3.0,^,1.0,7.0,5.0,12.0,17.0,9.0,14.0,1.0,1.0,6.0,5.0,69.2,82.4,56,63,0,1,1.0,0.0,0.0,20181018031830.0,21086^11077,0.005,16.0
358,44.0,5.0,3.0,-6.5,0.7692307692307693,6.5,0.9090909090909091,125.5,0.8695652173913043,125.5,0.8,3.0,^,1.0,7.0,5.0,12.0,17.0,9.0,14.0,1.0,1.0,6.0,5.0,69.2,82.4,56,63,0,1,1.0,0.0,0.0,20181018031831.0,21086^11077,0.005,16.0
359,44.0,5.0,3.0,-6.5,0.7692307692307693,6.5,0.9090909090909091,125.5,0.8695652173913043,125.5,0.8,3.0,,1.0,7.0,5.0,12.0,17.0,9.0,14.0,0.0,1.0,6.0,5.0,69.2,82.4,56,63,0,1,1.0,0.0,0.0,20181018031852.0,11081.0,0.005,16.0
360,44.0,5.0,3.0,-6.5,0.7692307692307693,6.5,0.9090909090909091,125.5,0.8695652173913043,125.5,0.8,3.0,,1.0,7.0,5.0,12.0,17.0,9.0,14.0,0.0,1.0,6.0,5.0,69.2,82.4,56,63,0,1,1.0,0.0,0.0,20181018031853.0,11081.0,0.005,16.0
361,,,3.0,-6.5,0.7692307692307693,6.5,0.9090909090909091,125.5,0.8695652173913043,125.5,0.8,3.0,,1.0,7.0,5.0,12.0,17.0,9.0,14.0,0.0,1.0,6.0,5.0,69.2,82.4,56,63,0,1,1.0,0.0,1.0,20181018032024.0,11077.0,0.005,16.0
362,,,3.0,-6.5,0.7692307692307693,6.5,0.9090909090909091,125.5,0.8695652173913043,125.5,0.8,3.0,,1.0,7.0,5.0,12.0,17.0,9.0,14.0,0.0,1.0,6.0,5.0,69.2,82.4,56,63,0,1,0.0,59.0,1.0,20181018032025.0,11077.0,0.005,16.0
363,,,3.0,-6.5,0.7692307692307693,6.5,0.9090909090909091,125.5,0.8695652173913043,125.5,0.8,3.0,,1.0,7.0,5.0,12.0,17.0,9.0,14.0,0.0,1.0,6.0,5.0,69.2,82.4,56,63,0,1,0.0,53.0,0.0,20181018032030.0,11077.0,0.006666666666666667,15.0
364,,,3.0,-6.5,0.7692307692307693,6.5,0.9090909090909091,125.5,0.8695652173913043,125.5,0.8,3.0,,1.0,7.0,5.0,12.0,17.0,9.0,14.0,0.0,1.0,6.0,5.0,69.2,82.4,56,63,0,1,0.0,53.0,0.0,20181018032031.0,11077.0,0.006666666666666667,15.0
365,,,3.0,-6.5,0.7692307692307693,6.5,0.9090909090909091,125.5,0.8695652173913043,125.5,0.8,3.0,^,1.0,7.0,5.0,12.0,17.0,9.0,14.0,0.0,1.0,6.0,6.0,69.2,82.4,56,63,0,1,0.0,58.0,0.0,20181018032033.0,21086^11077,0.006666666666666667,15.0
366,,,3.0,-6.5,0.7692307692307693,6.5,0.9090909090909091,125.5,0.8695652173913043,125.5,0.8,3.0,^,1.0,7.0,5.0,12.0,17.0,9.0,14.0,0.0,1.0,6.0,6.0,69.2,82.4,56,63,0,1,0.0,58.0,0.0,20181018032037.0,21086^11077,0.006666666666666667,15.0
367,,,3.0,-6.5,0.7692307692307693,6.5,0.9090909090909091,125.5,0.8695652173913043,125.5,0.8,3.0,^,1.0,7.0,5.0,12.0,17.0,9.0,14.0,0.0,1.0,6.0,6.0,69.2,82.4,56,63,0,1,0.0,58.0,0.0,20181018032042.0,21086^11077,0.006666666666666667,15.0
368,,,3.0,-6.5,0.7692307692307693,6.5,0.9090909090909091,125.5,0.8695652173913043,125.5,0.8,3.0,1:2,1.0,7.0,5.0,12.0,17.0,9.0,14.0,0.0,1.0,6.0,6.0,69.2,82.4,56,63,0,1,0.0,58.0,0.0,20181018032043.0,11078.0,0.025,9.5
369,,,3.0,-5.5,0.7692307692307693,5.5,0.9090909090909091,125.5,0.8695652173913043,125.5,0.8,3.0,1:2^2:2,1.0,7.0,5.0,12.0,17.0,10.0,14.0,0.0,1.0,6.0,6.0,71.4,82.4,57,63,0,1,0.0,58.0,0.0,20181018032051.0,11079^11078,0.025,9.5
370,,,3.0,-6.5,0.7692307692307693,6.5,0.9090909090909091,125.5,0.8695652173913043,125.5,0.8,3.0,2:2^,1.0,7.0,5.0,12.0,17.0,10.0,14.0,0.0,1.0,6.0,6.0,66.7,82.4,57,63,0,1,0.0,58.0,1.0,20181018032102.0,11080^21077,0.006666666666666667,15.0
371,,,3.0,-5.5,0.7692307692307693,5.5,0.9090909090909091,125.5,0.8695652173913043,125.5,0.8,3.0,,1.0,7.0,5.0,12.0,17.0,10.0,14.0,0.0,1.0,6.0,6.0,66.7,82.4,57,63,0,1,0.0,58.0,1.0,20181018032104.0,11077.0,0.02,10.0
372,,,3.0,-5.5,0.7692307692307693,5.5,0.9090909090909091,125.5,0.8695652173913043,125.5,0.8,3.0,,1.0,7.0,5.0,12.0,17.0,10.0,14.0,0.0,1.0,6.0,6.0,66.7,82.4,57,63,0,1,0.0,57.0,1.0,20181018032104.0,11077.0,0.02,10.0
373,,,3.0,-6.5,0.7692307692307693,6.5,0.9090909090909091,125.5,0.8695652173913043,125.5,0.8,3.0,,1.0,7.0,5.0,12.0,17.0,10.0,14.0,0.0,1.0,6.0,6.0,66.7,82.4,57,63,0,1,0.0,50.0,1.0,20181018032111.0,21077.0,0.005,16.0
374,,,3.0,-6.5,0.7692307692307693,6.5,0.9090909090909091,125.5,0.8695652173913043,125.5,0.8,3.0,,1.0,7.0,5.0,12.0,17.0,10.0,14.0,0.0,1.0,6.0,6.0,66.7,82.4,57,63,0,1,0.0,49.0,1.0,20181018032112.0,21077.0,0.005,16.0
375,,,3.0,-6.5,0.7692307692307693,6.5,0.9090909090909091,125.5,0.8695652173913043,125.5,0.8,2.0,,1.0,7.0,5.0,12.0,17.0,10.0,14.0,0.0,1.0,6.0,6.0,66.7,82.4,57,63,0,1,0.0,41.0,1.0,20181018032120.0,21077.0,0.005,16.0
376,,,3.0,-6.5,0.7692307692307693,6.5,0.9090909090909091,125.5,0.8695652173913043,125.5,0.8,1.0,,1.0,7.0,5.0,12.0,17.0,10.0,14.0,0.0,1.0,6.0,6.0,66.7,82.4,57,63,0,1,0.0,33.0,1.0,20181018032128.0,21077.0,0.005,16.0
377,,,3.0,-6.5,0.7692307692307693,6.5,0.9090909090909091,125.5,0.8695652173913043,125.5,0.8,1.0,,1.0,7.0,5.0,12.0,17.0,10.0,14.0,0.0,1.0,6.0,6.0,66.7,82.4,57,63,0,1,0.0,24.0,1.0,20181018032137.0,21077.0,0.005,16.0
378,,,3.0,-6.5,0.7692307692307693,6.5,0.9090909090909091,125.5,0.8695652173913043,125.5,0.8,1.0,,1.0,7.0,5.0,12.0,17.0,10.0,14.0,0.0,1.0,6.0,6.0,66.7,82.4,57,63,0,1,0.0,24.0,0.0,20181018032137.0,21077.0,0.005,16.0
379,44.0,5.0,3.0,-6.5,0.7692307692307693,6.5,0.9090909090909091,125.5,0.8695652173913043,125.5,0.8,1.0,,1.0,7.0,5.0,12.0,17.0,10.0,14.0,0.0,0.0,6.0,6.0,66.7,82.4,57,63,0,1,0.0,25.0,0.0,20181018032146.0,21081.0,0.005,16.0
380,,,3.0,-6.5,0.7692307692307693,6.5,0.9090909090909091,125.5,0.8695652173913043,125.5,0.8,1.0,,1.0,7.0,5.0,12.0,17.0,10.0,14.0,0.0,0.0,6.0,6.0,66.7,82.4,57,63,0,1,0.0,24.0,1.0,20181018032326.0,21077.0,0.005,16.0
381,,,3.0,-5.5,0.7692307692307693,5.5,0.9090909090909091,125.5,0.8695652173913043,125.5,0.8,1.0,,1.0,7.0,5.0,12.0,17.0,10.0,14.0,0.0,0.0,6.0,6.0,66.7,82.4,57,63,0,1,0.0,24.0,1.0,20181018032327.0,11077.0,0.005,16.0
382,,,3.0,-5.5,0.7692307692307693,5.5,0.9090909090909091,125.5,0.8695652173913043,125.5,0.8,1.0,,1.0,7.0,5.0,12.0,17.0,10.0,14.0,0.0,0.0,6.0,6.0,66.7,82.4,57,63,0,1,0.0,18.0,1.0,20181018032327.0,11077.0,0.005,16.0
383,,,3.0,-5.5,0.7692307692307693,5.5,0.9090909090909091,125.5,0.8695652173913043,125.5,0.8,1.0,,1.0,7.0,5.0,12.0,17.0,10.0,14.0,0.0,0.0,6.0,6.0,66.7,82.4,57,63,0,1,0.0,11.0,0.0,20181018032343.0,11077.0,0.005,16.0
384,,,3.0,-5.5,0.7692307692307693,5.5,0.9090909090909091,125.5,0.8695652173913043,125.5,0.8,1.0,^,1.0,7.0,5.0,12.0,17.0,10.0,14.0,0.0,0.0,7.0,6.0,66.7,82.4,57,63,0,1,0.0,14.0,0.0,20181018032344.0,11086^21077,0.005,16.0
385,,,3.0,-5.5,0.7692307692307693,5.5,0.9090909090909091,125.5,0.8695652173913043,125.5,0.8,1.0,1:2,1.0,7.0,5.0,12.0,17.0,10.0,14.0,0.0,0.0,7.0,6.0,66.7,82.4,57,63,0,1,0.0,14.0,0.0,20181018032345.0,21078.0,0.005,16.0
386,,,3.0,-7.5,0.7692307692307693,7.5,0.9090909090909091,125.5,0.8695652173913043,125.5,0.8,1.0,1:2^2:2,1.0,7.0,5.0,12.0,17.0,10.0,15.0,0.0,0.0,7.0,6.0,66.7,83.3,57,64,0,1,0.0,14.0,0.0,20181018032424.0,21079^21078,0.005,16.0
387,,,3.0,-7.5,0.7692307692307693,7.5,0.9090909090909091,125.5,0.8695652173913043,125.5,0.8,1.0,2:2^,1.0,7.0,5.0,12.0,17.0,10.0,16.0,0.0,0.0,7.0,6.0,66.7,84.2,57,65,0,1,0.0,14.0,0.0,20181018032438.0,21079^11077,0.005,16.0
388,,,3.0,-7.5,0.7692307692307693,7.5,0.9090909090909091,125.5,0.8695652173913043,125.5,0.8,1.0,2:2^,1.0,7.0,5.0,12.0,17.0,10.0,16.0,0.0,0.0,7.0,6.0,66.7,84.2,57,65,0,1,0.0,14.0,1.0,20181018032440.0,21079^11077,0.005,16.0
389,,,3.0,-7.5,0.7692307692307693,7.5,0.9090909090909091,125.5,0.8695652173913043,125.5,0.8,1.0,2:2^,1.0,7.0,5.0,12.0,17.0,10.0,16.0,0.0,0.0,7.0,6.0,66.7,84.2,57,65,0,1,0.0,13.0,1.0,20181018032440.0,21079^11077,0.005,16.0
390,,,3.0,-8.5,0.7692307692307693,8.5,0.9090909090909091,125.5,0.8695652173913043,125.5,0.8,1.0,,1.0,7.0,5.0,12.0,17.0,10.0,16.0,0.0,0.0,7.0,6.0,66.7,84.2,57,65,0,1,0.0,11.0,1.0,20181018032448.0,11077.0,0.005,16.0
391,,,3.0,-8.5,0.7692307692307693,8.5,0.9090909090909091,125.5,0.8695652173913043,125.5,0.8,1.0,,1.0,7.0,5.0,12.0,17.0,10.0,16.0,0.0,0.0,7.0,6.0,66.7,84.2,57,65,0,1,0.0,5.0,0.0,20181018032454.0,11077.0,0.005,16.0
392,,,3.0,-8.5,0.7692307692307693,8.5,0.9090909090909091,125.5,0.8695652173913043,125.5,0.8,1.0,^,1.0,7.0,5.0,12.0,17.0,10.0,16.0,0.0,0.0,8.0,6.0,66.7,84.2,57,65,0,1,0.0,8.0,0.0,20181018032456.0,11086^21077,0.005,16.0
393,,,3.0,-8.5,0.7692307692307693,8.5,0.9090909090909091,125.5,0.8695652173913043,125.5,0.8,1.0,1:2,1.0,7.0,5.0,12.0,17.0,10.0,16.0,0.0,0.0,8.0,6.0,66.7,84.2,57,65,0,1,0.0,8.0,0.0,20181018032459.0,21078.0,0.005,16.0
394,,,3.0,-9.5,0.7692307692307693,9.5,0.9090909090909091,125.5,0.8695652173913043,125.5,0.8,1.0,1:2^2:2,1.0,7.0,5.0,12.0,17.0,10.0,17.0,0.0,0.0,8.0,6.0,66.7,85.0,57,66,0,1,0.0,8.0,0.0,20181018032522.0,21079^21078,0.005,16.0
395,,,3.0,-8.5,0.7692307692307693,8.5,0.9090909090909091,125.5,0.8695652173913043,125.5,0.8,1.0,2:2^,1.0,7.0,5.0,12.0,17.0,10.0,17.0,0.0,0.0,8.0,6.0,66.7,81.0,57,66,0,1,0.0,8.0,1.0,20181018032533.0,21080^11077,0.005,16.0
396,,,3.0,-8.5,0.7692307692307693,8.5,0.9090909090909091,125.5,0.8695652173913043,125.5,0.8,1.0,2:2^,1.0,7.0,5.0,12.0,17.0,10.0,17.0,0.0,0.0,8.0,6.0,66.7,81.0,57,66,0,1,0.0,7.0,1.0,20181018032533.0,21080^11077,0.005,16.0
397,,,3.0,-8.5,0.7692307692307693,8.5,0.9090909090909091,125.5,0.8695652173913043,125.5,0.8,1.0,2:2^,1.0,7.0,5.0,12.0,17.0,10.0,17.0,0.0,0.0,8.0,6.0,66.7,81.0,57,66,0,1,0.0,0.0,0.0,20181018032542.0,21080^11077,0.005,16.0
398,,,3.0,-8.5,0.7692307692307693,8.5,0.9090909090909091,125.5,0.8695652173913043,125.5,0.8,1.0,2:2^,1.0,7.0,5.0,12.0,17.0,10.0,17.0,0.0,0.0,8.0,6.0,66.7,81.0,57,66,0,1,0.0,0.0,0.0,20181018032543.0,21080^11077,0.005,16.0
399,,,3.0,-8.5,0.7692307692307693,8.5,0.9090909090909091,125.5,0.8695652173913043,125.5,0.8,1.0,2:2^,1.0,7.0,5.0,12.0,17.0,10.0,17.0,0.0,0.0,8.0,6.0,66.7,81.0,57,66,0,1,0.0,0.0,0.0,20181018032554.0,21080^11077,0.005,16.0
400,,,3.0,-8.5,0.7692307692307693,8.5,0.9090909090909091,125.5,0.8695652173913043,125.5,0.8,1.0,2:2^,1.0,7.0,5.0,12.0,17.0,10.0,17.0,0.0,0.0,8.0,6.0,66.7,81.0,57,66,0,1,0.0,0.0,0.0,20181018032554.0,1084.0,0.005,16.0
