,AM,AS,CP,ED,HASA,HASA_ODD,HASH,HASH_ODD,HATD,HATD_ODD,HATU,HATU_ODD,HD,MD,PG,PI,S1_a,S1_h,S2_a,S2_h,S3_a,S3_h,S4_a,S4_h,S5_a,S5_h,S6_a,S6_h,SC_a,SC_h,SU,TD,TM,TS,TT,TU,VC,WA_ODD,WH_ODD
0,,,,第1节,14.5,0.87,-14.5,0.8,139.5,0.83,139.5,0.83,,,,,0.0,0.0,1.0,0.0,0.0,0.0,5.0,5.0,0.0,0.0,0.0,0.0,2.0,0.0,0.0,1,9.0,45.0,0,,21077,0.0,0.0
1,,,,第1节,14.5,0.83,-14.5,0.83,138.5,0.83,138.5,0.83,138.5,,,,0.0,0.0,1.0,0.0,0.0,0.0,5.0,5.0,0.0,0.0,0.0,0.0,2.0,0.0,0.0,1,9.0,45.0,0,,21077,0.0,0.0
2,,,,第1节,14.5,0.83,-14.5,0.83,138.5,0.83,138.5,0.83,138.5,,,,0.0,0.0,1.0,0.0,0.0,0.0,5.0,5.0,0.0,0.0,0.0,0.0,2.0,0.0,0.0,1,9.0,28.0,0,,21077,0.0,0.0
3,,,,第1节,14.5,0.83,-14.5,0.83,138.5,0.83,138.5,0.83,138.5,,,,0.0,0.0,1.0,0.0,0.0,0.0,5.0,5.0,0.0,0.0,0.0,0.0,4.0,0.0,0.0,1,9.0,28.0,0,,11077.0,0.0,0.0
4,,,,第1节,14.5,0.83,-14.5,0.83,138.5,0.83,138.5,0.83,138.5,,,,0.0,0.0,2.0,0.0,0.0,0.0,5.0,5.0,0.0,0.0,0.0,0.0,4.0,0.0,0.0,1,9.0,28.0,0,,11074.0,0.0,0.0
5,,,,第1节,14.5,0.83,-14.5,0.83,138.5,0.83,138.5,0.83,138.5,,,,0.0,0.0,2.0,0.0,0.0,0.0,5.0,5.0,0.0,0.0,0.0,0.0,0.0,4.0,0.0,1,9.0,28.0,0,,21077.0,0.0,0.0
6,,,,第1节,14.5,0.83,-16.5,0.87,138.5,0.83,138.5,0.83,-16.5,,,,0.0,0.0,2.0,0.0,0.0,0.0,5.0,5.0,0.0,0.0,0.0,0.0,0.0,4.0,0.0,1,9.0,13.0,0,,21077.0,0.0,0.0
7,,,,第1节,16.5,0.8,-16.5,0.87,138.5,0.83,140.5,0.83,16.5,,,,0.0,0.0,2.0,0.0,0.0,0.0,5.0,5.0,0.0,0.0,0.0,0.0,0.0,4.0,0.0,1,9.0,13.0,0,,21077.0,0.0,0.0
8,,,,第1节,16.5,0.8,-16.5,0.87,140.5,0.83,140.5,0.83,140.5,,,,0.0,0.0,2.0,0.0,0.0,0.0,5.0,5.0,0.0,0.0,0.0,0.0,0.0,4.0,0.0,1,9.0,13.0,0,,21077.0,0.0,0.0
9,,,,第1节,16.5,0.8,-16.5,0.87,140.5,0.83,140.5,0.83,140.5,,,,0.0,0.0,2.0,0.0,0.0,0.0,5.0,5.0,0.0,0.0,0.0,0.0,0.0,4.0,0.0,1,9.0,12.0,0,,21077.0,0.0,0.0
10,,,,第1节,16.5,0.87,-15.5,0.8,140.5,0.83,140.5,0.83,-15.5,,,,0.0,0.0,2.0,0.0,0.0,0.0,5.0,5.0,0.0,0.0,0.0,0.0,0.0,4.0,0.0,1,9.0,12.0,0,,21077.0,0.0,0.0
11,,,,第1节,15.5,0.87,-15.5,0.8,140.5,0.83,138.5,0.83,15.5,,,,0.0,0.0,2.0,0.0,0.0,0.0,5.0,5.0,0.0,0.0,0.0,0.0,0.0,4.0,0.0,1,9.0,12.0,0,,21077.0,0.0,0.0
12,,,,第1节,15.5,0.87,-15.5,0.8,138.5,0.83,138.5,0.83,138.5,,,,0.0,0.0,2.0,0.0,0.0,0.0,5.0,5.0,0.0,0.0,0.0,0.0,0.0,4.0,0.0,1,9.0,12.0,0,,21077.0,0.0,0.0
13,,,,第1节,15.5,0.87,-15.5,0.8,138.5,0.83,138.5,0.83,138.5,,,,0.0,0.0,2.0,0.0,0.0,0.0,5.0,5.0,0.0,0.0,0.0,0.0,0.0,4.0,0.0,1,8.0,46.0,0,,21077.0,0.0,0.0
14,,,,第1节,15.5,0.87,-15.5,0.8,138.5,0.83,138.5,0.83,138.5,,,,0.0,0.0,2.0,0.0,0.0,0.0,5.0,5.0,0.0,0.0,0.0,0.0,0.0,4.0,0.0,1,8.0,46.0,0,,21077.0,0.0,0.0
15,,,,第1节,15.5,0.87,-15.5,0.8,138.5,0.83,138.5,0.83,138.5,,,,0.0,0.0,2.0,0.0,0.0,0.0,5.0,5.0,0.0,0.0,0.0,0.0,0.0,4.0,0.0,1,8.0,42.0,0,,21077.0,0.0,0.0
16,,,,第1节,15.5,0.87,-15.5,0.8,138.5,0.83,138.5,0.83,138.5,,,,0.0,0.0,2.0,0.0,0.0,0.0,5.0,5.0,1.0,0.0,0.0,0.0,0.0,4.0,0.0,1,8.0,42.0,0,,11086.0,0.0,0.0
17,,,,第1节,15.5,0.87,-15.5,0.8,137.5,0.83,137.5,0.83,137.5,,,,0.0,0.0,2.0,0.0,0.0,0.0,5.0,5.0,1.0,0.0,0.0,0.0,0.0,4.0,0.0,1,8.0,42.0,0,,21077.0,0.0,0.0
18,,,,第1节,15.5,0.87,-15.5,0.8,137.5,0.83,137.5,0.83,137.5,,,,0.0,0.0,2.0,0.0,0.0,0.0,5.0,5.0,1.0,0.0,0.0,0.0,0.0,4.0,1.0,1,8.0,42.0,0,,21077.0,0.0,0.0
19,,,,第1节,15.5,0.87,-15.5,0.8,137.5,0.83,137.5,0.83,137.5,,,,0.0,0.0,2.0,0.0,0.0,0.0,5.0,5.0,1.0,0.0,0.0,0.0,0.0,4.0,1.0,1,8.0,42.0,0,,21077.0,0.0,0.0
20,,,,第1节,15.5,0.87,-15.5,0.8,137.5,0.83,137.5,0.83,137.5,,,,0.0,0.0,2.0,0.0,0.0,0.0,5.0,5.0,1.0,0.0,0.0,0.0,0.0,4.0,1.0,1,8.0,42.0,0,,21077.0,0.0,0.0
21,,,,第1节,15.5,0.87,-15.5,0.8,137.5,0.83,137.5,0.83,137.5,,,,0.0,0.0,2.0,0.0,0.0,0.0,5.0,5.0,1.0,0.0,0.0,0.0,0.0,4.0,1.0,1,8.0,42.0,0,,21077.0,0.0,0.0
22,,,,第1节,15.5,0.87,-15.5,0.8,137.5,0.83,137.5,0.83,137.5,,,,0.0,0.0,2.0,0.0,0.0,0.0,5.0,5.0,1.0,0.0,0.0,0.0,0.0,4.0,1.0,1,8.0,42.0,0,,21077.0,0.0,0.0
23,,,,第1节,15.5,0.87,-14.5,0.8,137.5,0.83,137.5,0.83,-14.5,,,,0.0,0.0,2.0,0.0,0.0,0.0,5.0,5.0,1.0,0.0,0.0,0.0,0.0,4.0,1.0,1,8.0,42.0,0,,21077.0,0.0,0.0
24,,,,第1节,14.5,0.87,-14.5,0.8,137.5,0.83,137.5,0.83,14.5,,,,0.0,0.0,2.0,0.0,0.0,0.0,5.0,5.0,1.0,0.0,0.0,0.0,0.0,4.0,0.0,1,8.0,42.0,0,,21077.0,0.0,0.0
25,,,,第1节,14.5,0.87,-14.5,0.8,137.5,0.83,139.5,0.83,139.5,,,,0.0,0.0,2.0,0.0,0.0,0.0,5.0,5.0,1.0,0.0,0.0,0.0,0.0,4.0,0.0,1,8.0,42.0,0,,21077.0,0.0,0.0
26,,,,第1节,14.5,0.87,-14.5,0.8,139.5,0.83,139.5,0.83,139.5,,,,0.0,0.0,2.0,0.0,0.0,0.0,5.0,5.0,1.0,0.0,0.0,0.0,0.0,4.0,0.0,1,8.0,42.0,0,,21077.0,0.0,0.0
27,,,,第1节,14.5,0.87,-14.5,0.8,139.5,0.83,139.5,0.83,139.5,,1:2,,0.0,0.0,2.0,0.0,0.0,0.0,5.0,5.0,1.0,0.0,0.0,0.0,0.0,4.0,0.0,1,8.0,42.0,0,,21078.0,0.0,0.0
28,,,,第1节,14.5,0.87,-14.5,0.8,139.5,0.83,139.5,0.83,139.5,,1:2,,0.0,0.0,2.0,0.0,0.0,0.0,5.0,5.0,1.0,0.0,0.0,0.0,0.0,4.0,0.0,1,8.0,42.0,0,,21078.0,0.0,0.0
29,,,,第1节,14.5,0.87,-14.5,0.8,139.5,0.83,139.5,0.83,139.5,,1:2,,0.0,0.0,2.0,0.0,0.0,0.0,5.0,5.0,1.0,0.0,0.0,0.0,0.0,4.0,0.0,1,8.0,42.0,0,,21080.0,0.0,0.0
30,,,,第1节,14.5,0.83,-15.5,0.83,139.5,0.83,139.5,0.83,-15.5,,2:2,,0.0,0.0,2.0,0.0,0.0,0.0,5.0,5.0,1.0,0.0,0.0,0.0,0.0,4.0,0.0,1,8.0,42.0,0,,21078.0,0.0,0.0
31,,,,第1节,15.5,0.83,-15.5,0.83,139.5,0.83,138.5,0.83,15.5,,2:2,,0.0,0.0,2.0,0.0,0.0,0.0,5.0,5.0,1.0,0.0,0.0,0.0,0.0,4.0,0.0,1,8.0,42.0,0,,21078.0,0.0,0.0
32,,,,第1节,15.5,0.83,-15.5,0.83,138.5,0.83,138.5,0.83,138.5,,2:2,,0.0,0.0,2.0,0.0,0.0,0.0,5.0,5.0,1.0,0.0,0.0,0.0,0.0,4.0,0.0,1,8.0,42.0,0,,21078.0,0.0,0.0
33,,,,第1节,15.5,0.87,-15.5,0.8,138.5,0.83,137.5,0.83,138.5,,2:2,,0.0,0.0,2.0,0.0,0.0,0.0,5.0,5.0,1.0,0.0,0.0,0.0,0.0,4.0,0.0,1,8.0,42.0,0,,21080.0,0.0,0.0
34,,,,第1节,15.5,0.87,-15.5,0.8,137.5,0.83,137.5,0.83,137.5,,2:2,,0.0,0.0,2.0,0.0,0.0,0.0,5.0,5.0,1.0,0.0,0.0,0.0,0.0,4.0,0.0,1,8.0,42.0,0,,21080.0,0.0,0.0
35,,,,第1节,15.5,0.87,-15.5,0.87,137.5,0.83,137.5,0.83,137.5,,,,0.0,0.0,2.0,0.0,0.0,0.0,5.0,5.0,1.0,0.0,0.0,0.0,0.0,4.0,0.0,1,8.0,42.0,0,,11077.0,0.0,0.0
36,,,,第1节,15.5,0.8,-16.5,0.87,137.5,0.83,137.5,0.83,-16.5,,,,0.0,0.0,2.0,0.0,0.0,0.0,5.0,5.0,1.0,0.0,0.0,0.0,0.0,4.0,0.0,1,8.0,42.0,0,,11077.0,0.0,0.0
37,,,,第1节,16.5,0.8,-16.5,0.8,137.5,0.83,137.5,0.83,16.5,,,,0.0,0.0,2.0,0.0,0.0,0.0,5.0,5.0,1.0,0.0,0.0,0.0,0.0,4.0,0.0,1,8.0,42.0,0,,11077.0,0.0,0.0
38,,,,第1节,16.5,0.87,-15.5,0.8,137.5,0.83,137.5,0.83,-15.5,,,,0.0,0.0,2.0,0.0,0.0,0.0,5.0,5.0,1.0,0.0,0.0,0.0,0.0,4.0,0.0,1,8.0,42.0,0,,11077.0,0.0,0.0
39,,,,第1节,15.5,0.87,-15.5,0.8,137.5,0.83,136.5,0.83,15.5,,,,0.0,0.0,2.0,0.0,0.0,0.0,5.0,5.0,1.0,0.0,0.0,0.0,0.0,4.0,0.0,1,8.0,42.0,0,,11077.0,0.0,0.0
40,,,,第1节,15.5,0.87,-15.5,0.8,136.5,0.83,136.5,0.83,136.5,,,,0.0,0.0,2.0,0.0,0.0,0.0,5.0,5.0,1.0,0.0,0.0,0.0,0.0,4.0,0.0,1,8.0,42.0,0,,11077.0,0.0,0.0
41,,,,第1节,15.5,0.87,-15.5,0.8,136.5,0.83,136.5,0.83,136.5,,,,0.0,0.0,2.0,0.0,0.0,0.0,5.0,5.0,1.0,0.0,0.0,0.0,0.0,4.0,0.0,1,8.0,18.0,0,,11077.0,0.0,0.0
42,,,,第1节,15.5,0.87,-15.5,0.8,136.5,0.83,136.5,0.83,136.5,,,,0.0,0.0,2.0,0.0,0.0,0.0,5.0,5.0,1.0,0.0,0.0,0.0,0.0,4.0,0.0,1,8.0,18.0,0,,21077.0,0.0,0.0
43,,,,第1节,15.5,0.87,-15.5,0.8,136.5,0.83,136.5,0.83,136.5,,,,0.0,0.0,2.0,0.0,0.0,0.0,5.0,5.0,1.0,0.0,0.0,0.0,0.0,4.0,0.0,1,8.0,11.0,0,,21077.0,0.0,0.0
44,,,,第1节,15.5,0.83,-15.5,0.83,135.5,0.83,135.5,0.83,135.5,,,,0.0,0.0,2.0,0.0,0.0,0.0,5.0,5.0,1.0,0.0,0.0,0.0,0.0,4.0,0.0,1,8.0,11.0,0,,21077.0,0.0,0.0
45,,,,第1节,15.5,0.83,-15.5,0.83,135.5,0.83,135.5,0.83,135.5,,,,0.0,0.0,2.0,0.0,0.0,0.0,5.0,5.0,1.0,0.0,0.0,0.0,0.0,4.0,0.0,1,8.0,11.0,0,,11077.0,0.0,0.0
46,,,,第1节,15.5,0.83,-15.5,0.83,135.5,0.83,135.5,0.83,135.5,,,,0.0,0.0,2.0,0.0,0.0,0.0,5.0,5.0,1.0,0.0,0.0,0.0,0.0,4.0,0.0,1,8.0,2.0,0,,11077.0,0.0,0.0
47,,,,第1节,15.5,0.8,-17.5,0.87,135.5,0.83,135.5,0.83,-17.5,,,,0.0,0.0,2.0,0.0,0.0,0.0,5.0,5.0,1.0,0.0,0.0,0.0,0.0,4.0,0.0,1,8.0,2.0,0,,11077.0,0.0,0.0
48,,,,第1节,17.5,0.8,-17.5,0.87,135.5,0.83,137.5,0.83,17.5,,,,0.0,0.0,2.0,0.0,0.0,0.0,5.0,5.0,1.0,0.0,0.0,0.0,0.0,4.0,0.0,1,8.0,2.0,0,,11077.0,0.0,0.0
49,,,,第1节,17.5,0.8,-17.5,0.87,137.5,0.83,137.5,0.83,137.5,,,,0.0,0.0,2.0,0.0,0.0,0.0,5.0,5.0,1.0,0.0,0.0,0.0,0.0,4.0,0.0,1,8.0,2.0,0,,11077.0,0.0,0.0
50,,,,第1节,17.5,0.8,-17.5,0.87,137.5,0.83,137.5,0.83,137.5,,,,0.0,0.0,2.0,0.0,0.0,0.0,5.0,5.0,1.0,0.0,0.0,0.0,6.0,4.0,0.0,1,7.0,57.0,0,,11077.0,0.0,0.0
51,,,,第1节,17.5,0.8,-17.5,0.87,137.5,0.83,137.5,0.83,137.5,,,,0.0,0.0,3.0,0.0,0.0,0.0,5.0,5.0,1.0,0.0,0.0,0.0,6.0,4.0,0.0,1,7.0,57.0,0,,11074.0,0.0,0.0
52,,,,第1节,17.5,0.8,-17.5,0.87,137.5,0.83,137.5,0.83,137.5,,,,0.0,0.0,3.0,0.0,0.0,0.0,5.0,5.0,1.0,0.0,0.0,0.0,0.0,6.0,0.0,1,7.0,57.0,0,,21077.0,0.0,0.0
53,,,,第1节,17.5,0.8,-17.5,0.87,137.5,0.83,137.5,0.83,137.5,,,,0.0,0.0,3.0,0.0,0.0,0.0,5.0,5.0,1.0,0.0,0.0,0.0,0.0,6.0,0.0,1,7.0,56.0,0,,21077.0,0.0,0.0
54,,,,第1节,17.5,0.8,-17.5,0.87,137.5,0.83,137.5,0.83,137.5,,,,0.0,0.0,3.0,0.0,0.0,0.0,5.0,5.0,1.0,0.0,0.0,0.0,0.0,6.0,0.0,1,7.0,56.0,0,,21077.0,0.0,0.0
55,,,,第1节,17.5,0.8,-17.5,0.87,137.5,0.83,137.5,0.83,137.5,,,,0.0,0.0,3.0,0.0,0.0,0.0,5.0,5.0,1.0,0.0,0.0,0.0,0.0,6.0,0.0,1,7.0,37.0,0,,21077.0,0.0,0.0
56,,,,第1节,17.5,0.83,-17.5,0.83,135.5,0.83,135.5,0.83,135.5,,,,0.0,0.0,3.0,0.0,0.0,0.0,5.0,5.0,1.0,0.0,0.0,0.0,0.0,6.0,0.0,1,7.0,37.0,0,,11077.0,0.0,0.0
57,,,,第1节,17.5,0.83,-17.5,0.83,135.5,0.83,135.5,0.83,135.5,,,,0.0,0.0,3.0,0.0,0.0,0.0,5.0,5.0,1.0,0.0,0.0,0.0,0.0,6.0,0.0,1,7.0,32.0,0,,11077.0,0.0,0.0
58,,,,第1节,17.5,0.83,-17.5,0.83,135.5,0.83,135.5,0.83,135.5,,,,0.0,0.0,3.0,0.0,0.0,0.0,5.0,5.0,1.0,0.0,0.0,0.0,0.0,6.0,0.0,1,7.0,32.0,0,,11077.0,0.0,0.0
59,,,,第1节,17.5,0.83,-17.5,0.83,135.5,0.83,135.5,0.83,135.5,,,,0.0,0.0,3.0,0.0,0.0,0.0,5.0,5.0,1.0,0.0,0.0,0.0,0.0,6.0,0.0,1,7.0,29.0,0,,11077.0,0.0,0.0
60,,,,第1节,17.5,0.83,-17.5,0.83,135.5,0.83,135.5,0.83,135.5,,,,0.0,0.0,3.0,0.0,0.0,0.0,5.0,5.0,1.0,0.0,0.0,0.0,0.0,6.0,0.0,1,7.0,29.0,0,,11077.0,0.0,0.0
61,,,,第1节,17.5,0.83,-17.5,0.83,135.5,0.83,135.5,0.83,135.5,,,,0.0,0.0,3.0,0.0,0.0,0.0,5.0,5.0,1.0,0.0,0.0,0.0,0.0,6.0,0.0,1,7.0,12.0,0,,11077.0,0.0,0.0
62,,,,第1节,17.5,0.87,-16.5,0.8,135.5,0.83,135.5,0.83,-16.5,,,,0.0,0.0,3.0,0.0,0.0,0.0,5.0,5.0,1.0,0.0,0.0,0.0,0.0,6.0,0.0,1,7.0,12.0,0,,21077.0,0.0,0.0
63,,,,第1节,16.5,0.87,-16.5,0.8,135.5,0.83,134.5,0.83,16.5,,,,0.0,0.0,3.0,0.0,0.0,0.0,5.0,5.0,1.0,0.0,0.0,0.0,0.0,6.0,0.0,1,7.0,12.0,0,,21077.0,0.0,0.0
64,,,,第1节,16.5,0.87,-16.5,0.8,134.5,0.83,134.5,0.83,134.5,,,,0.0,0.0,3.0,0.0,0.0,0.0,5.0,5.0,1.0,0.0,0.0,0.0,0.0,6.0,0.0,1,7.0,12.0,0,,21077.0,0.0,0.0
65,,,,第1节,16.5,0.87,-16.5,0.8,134.5,0.83,134.5,0.83,134.5,,,,0.0,0.0,3.0,0.0,0.0,0.0,5.0,5.0,1.0,0.0,0.0,0.0,0.0,6.0,0.0,1,7.0,3.0,0,,21077.0,0.0,0.0
66,,,,第1节,16.5,0.8,-17.5,0.87,134.5,0.83,134.5,0.83,-17.5,,,,0.0,0.0,3.0,0.0,0.0,0.0,5.0,5.0,1.0,0.0,0.0,0.0,0.0,6.0,0.0,1,7.0,3.0,0,,11077.0,0.0,0.0
67,,,,第1节,17.5,0.8,-17.5,0.87,134.5,0.83,133.5,0.83,17.5,,,,0.0,0.0,3.0,0.0,0.0,0.0,5.0,5.0,1.0,0.0,0.0,0.0,0.0,6.0,0.0,1,7.0,3.0,0,,11077.0,0.0,0.0
68,,,,第1节,17.5,0.8,-17.5,0.87,133.5,0.83,133.5,0.83,133.5,,,,0.0,0.0,3.0,0.0,0.0,0.0,5.0,5.0,1.0,0.0,0.0,0.0,0.0,6.0,0.0,1,7.0,3.0,0,,11077.0,0.0,0.0
69,,,,第1节,17.5,0.8,-17.5,0.87,133.5,0.83,133.5,0.83,133.5,,,,0.0,0.0,3.0,0.0,0.0,0.0,5.0,5.0,1.0,0.0,0.0,0.0,0.0,6.0,0.0,1,6.0,47.0,0,,11077.0,0.0,0.0
70,,,,第1节,17.5,0.8,-17.5,0.87,133.5,0.83,133.5,0.83,133.5,,,,0.0,0.0,4.0,0.0,0.0,0.0,5.0,5.0,1.0,0.0,0.0,0.0,8.0,6.0,0.0,1,6.0,47.0,0,,11074.0,0.0,0.0
71,,,,第1节,17.5,0.8,-17.5,0.87,133.5,0.83,133.5,0.83,133.5,,,,0.0,0.0,4.0,0.0,0.0,0.0,5.0,5.0,1.0,0.0,0.0,0.0,0.0,8.0,0.0,1,6.0,47.0,0,,21077.0,0.0,0.0
72,,,,第1节,17.5,0.83,-18.5,0.83,133.5,0.83,133.5,0.83,-18.5,,,,0.0,0.0,4.0,0.0,0.0,0.0,5.0,5.0,1.0,0.0,0.0,0.0,0.0,8.0,0.0,1,6.0,47.0,0,,21077.0,0.0,0.0
73,,,,第1节,18.5,0.83,-18.5,0.83,133.5,0.83,134.5,0.83,18.5,,,,0.0,0.0,4.0,0.0,0.0,0.0,5.0,5.0,1.0,0.0,0.0,0.0,0.0,8.0,0.0,1,6.0,47.0,0,,21077.0,0.0,0.0
74,,,,第1节,18.5,0.83,-18.5,0.83,134.5,0.83,134.5,0.83,134.5,,,,0.0,0.0,4.0,0.0,0.0,0.0,5.0,5.0,1.0,0.0,0.0,0.0,0.0,8.0,0.0,1,6.0,47.0,0,,21077.0,0.0,0.0
75,,,,第1节,18.5,0.83,-18.5,0.83,134.5,0.83,134.5,0.83,134.5,,,,0.0,0.0,4.0,0.0,0.0,0.0,5.0,5.0,1.0,0.0,0.0,0.0,0.0,8.0,0.0,1,6.0,46.0,0,,21077.0,0.0,0.0
76,44.0,5.0,,第1节,18.5,0.83,-18.5,0.83,134.5,0.83,134.5,0.83,134.5,,,,0.0,0.0,4.0,0.0,0.0,0.0,5.0,4.0,1.0,0.0,0.0,0.0,0.0,8.0,0.0,1,6.0,46.0,0,,21081.0,0.0,0.0
77,44.0,5.0,,第1节,18.5,0.83,-18.5,0.83,134.5,0.83,134.5,0.83,134.5,,,,0.0,0.0,4.0,0.0,0.0,0.0,5.0,4.0,1.0,0.0,0.0,0.0,0.0,8.0,0.0,1,6.0,45.0,0,,21081.0,0.0,0.0
78,44.0,5.0,,第1节,18.5,0.83,-18.5,0.83,134.5,0.83,134.5,0.83,134.5,,,,0.0,0.0,4.0,0.0,0.0,0.0,5.0,3.0,1.0,0.0,0.0,0.0,0.0,8.0,1.0,1,6.0,45.0,0,,21077.0,0.0,0.0
79,44.0,5.0,,第1节,18.5,0.83,-18.5,0.83,134.5,0.83,134.5,0.83,134.5,,,,0.0,0.0,4.0,0.0,0.0,0.0,5.0,3.0,1.0,0.0,0.0,0.0,0.0,8.0,1.0,1,6.0,45.0,0,,21077.0,0.0,0.0
80,44.0,5.0,,第1节,18.5,0.83,-18.5,0.83,134.5,0.83,134.5,0.83,134.5,,,,0.0,0.0,4.0,0.0,0.0,0.0,5.0,3.0,1.0,0.0,0.0,0.0,0.0,8.0,1.0,1,6.0,45.0,0,,21077.0,0.0,0.0
81,44.0,5.0,,第1节,18.5,0.83,-18.5,0.83,134.5,0.83,134.5,0.83,134.5,,,,0.0,0.0,4.0,0.0,0.0,0.0,5.0,3.0,1.0,0.0,0.0,0.0,0.0,8.0,1.0,1,6.0,45.0,0,,21077.0,0.0,0.0
82,44.0,5.0,,第1节,18.5,0.83,-18.5,0.83,134.5,0.83,134.5,0.83,134.5,,,,0.0,0.0,4.0,0.0,0.0,0.0,5.0,3.0,1.0,0.0,0.0,0.0,0.0,8.0,1.0,1,6.0,45.0,0,,21077.0,0.0,0.0
83,44.0,5.0,,第1节,18.5,0.83,-18.5,0.83,134.5,0.83,134.5,0.83,134.5,,,,0.0,0.0,4.0,0.0,0.0,0.0,5.0,3.0,1.0,0.0,0.0,0.0,0.0,8.0,1.0,0.0,0.0,0.0,0,,21077.0,0.0,0.0
84,44.0,5.0,,第1节,18.5,0.83,-18.5,0.83,134.5,0.83,134.5,0.83,134.5,,,,0.0,0.0,4.0,0.0,0.0,0.0,5.0,3.0,1.0,0.0,0.0,0.0,0.0,8.0,1.0,0.0,0.0,0.0,0,,21077.0,0.0,0.0
85,44.0,5.0,,第1节,18.5,0.83,-18.5,0.83,134.5,0.83,134.5,0.83,134.5,,,,0.0,0.0,4.0,0.0,0.0,0.0,5.0,3.0,1.0,0.0,0.0,0.0,0.0,8.0,1.0,1.0,6.0,45.0,0,,21077.0,0.0,0.0
86,44.0,5.0,,第1节,18.5,0.83,-18.5,0.83,134.5,0.83,134.5,0.83,134.5,,,,0.0,1.0,4.0,0.0,0.0,0.0,5.0,3.0,1.0,0.0,0.0,0.0,0.0,3.0,1.0,1.0,6.0,45.0,0,,21075.0,0.0,0.0
87,44.0,5.0,,第1节,18.5,0.83,-15.5,0.83,134.5,0.83,134.5,0.83,-15.5,,,,0.0,1.0,4.0,0.0,0.0,0.0,5.0,3.0,1.0,0.0,0.0,0.0,0.0,3.0,1.0,1.0,6.0,45.0,0,,11077.0,0.0,0.0
88,44.0,5.0,,第1节,15.5,0.83,-15.5,0.83,134.5,0.83,134.5,0.83,15.5,,,,0.0,1.0,4.0,0.0,0.0,0.0,5.0,3.0,1.0,0.0,0.0,0.0,3.0,8.0,1.0,1.0,6.0,14.0,0,,21077.0,0.0,0.0
89,44.0,5.0,,第1节,15.5,0.83,-15.5,0.83,136.5,0.83,136.5,0.83,136.5,,,,0.0,1.0,4.0,0.0,0.0,0.0,5.0,3.0,1.0,0.0,0.0,0.0,3.0,8.0,1.0,1.0,6.0,14.0,0,,21077.0,0.0,0.0
90,44.0,5.0,,第1节,15.5,0.83,-15.5,0.83,136.5,0.83,136.5,0.83,136.5,,,,0.0,1.0,4.0,0.0,0.0,0.0,5.0,3.0,1.0,0.0,0.0,0.0,3.0,8.0,1.0,1.0,6.0,5.0,0,,21077.0,0.0,0.0
91,44.0,5.0,,第1节,15.5,0.83,-15.5,0.83,135.5,0.83,135.5,0.83,135.5,,,,0.0,1.0,4.0,0.0,0.0,0.0,5.0,3.0,1.0,0.0,0.0,0.0,3.0,8.0,1.0,1.0,6.0,5.0,0,,21077.0,0.0,0.0
92,44.0,5.0,,第1节,15.5,0.83,-15.5,0.83,135.5,0.83,135.5,0.83,135.5,,,,0.0,1.0,4.0,0.0,0.0,0.0,5.0,3.0,1.0,0.0,0.0,0.0,3.0,8.0,1.0,1.0,6.0,2.0,0,,21077.0,0.0,0.0
93,44.0,5.0,,第1节,15.5,0.83,-15.5,0.83,135.5,0.83,135.5,0.83,135.5,,,,0.0,1.0,4.0,0.0,0.0,0.0,5.0,3.0,1.0,0.0,0.0,0.0,3.0,8.0,1.0,1.0,5.0,2.0,0,,21077.0,0.0,0.0
94,44.0,5.0,,第1节,15.5,0.83,-15.5,0.83,135.5,0.83,135.5,0.83,135.5,,,,0.0,1.0,4.0,0.0,0.0,0.0,5.0,3.0,1.0,0.0,0.0,0.0,3.0,8.0,1.0,1.0,5.0,57.0,0,,21077.0,0.0,0.0
95,44.0,5.0,,第1节,15.5,0.83,-15.5,0.83,135.5,0.83,135.5,0.83,135.5,,,,0.0,1.0,4.0,1.0,0.0,0.0,5.0,3.0,1.0,0.0,0.0,0.0,3.0,5.0,1.0,1.0,5.0,57.0,0,,21074.0,0.0,0.0
96,44.0,5.0,,第1节,15.5,0.83,-15.5,0.83,135.5,0.83,135.5,0.83,135.5,,,,0.0,1.0,4.0,1.0,0.0,0.0,5.0,3.0,1.0,0.0,0.0,0.0,5.0,8.0,1.0,1.0,5.0,57.0,0,,11077.0,0.0,0.0
97,44.0,5.0,,第1节,15.5,0.83,-14.5,0.83,135.5,0.83,135.5,0.83,-14.5,,,,0.0,1.0,4.0,1.0,0.0,0.0,5.0,3.0,1.0,0.0,0.0,0.0,5.0,8.0,1.0,1.0,5.0,57.0,0,,11077.0,0.0,0.0
98,44.0,5.0,,第1节,14.5,0.83,-14.5,0.83,135.5,0.83,137.5,0.83,14.5,,,,0.0,1.0,4.0,1.0,0.0,0.0,5.0,3.0,1.0,0.0,0.0,0.0,5.0,8.0,1.0,1.0,5.0,57.0,0,,11077.0,0.0,0.0
99,44.0,5.0,,第1节,14.5,0.83,-14.5,0.83,137.5,0.83,137.5,0.83,137.5,,,,0.0,1.0,4.0,1.0,0.0,0.0,5.0,3.0,1.0,0.0,0.0,0.0,5.0,8.0,1.0,1.0,5.0,57.0,0,,11077.0,0.0,0.0
100,44.0,5.0,,第1节,14.5,0.83,-14.5,0.83,137.5,0.83,137.5,0.83,137.5,,,,0.0,1.0,4.0,1.0,0.0,0.0,5.0,3.0,1.0,0.0,0.0,0.0,5.0,8.0,1.0,1.0,5.0,56.0,0,,11077.0,0.0,0.0
101,44.0,5.0,,第1节,14.5,0.83,-14.5,0.83,137.5,0.83,137.5,0.83,137.5,,,,0.0,1.0,4.0,1.0,0.0,0.0,5.0,3.0,1.0,0.0,0.0,0.0,5.0,8.0,0.0,1.0,5.0,56.0,0,,11077.0,0.0,0.0
102,44.0,5.0,,第1节,14.5,0.83,-14.5,0.83,137.5,0.83,137.5,0.83,137.5,,,,0.0,1.0,4.0,1.0,0.0,0.0,5.0,3.0,1.0,0.0,0.0,0.0,5.0,8.0,0.0,1.0,5.0,56.0,0,,11077.0,0.0,0.0
103,44.0,5.0,,第1节,14.5,0.83,-14.5,0.83,137.5,0.83,137.5,0.83,137.5,,,,0.0,1.0,4.0,1.0,0.0,0.0,5.0,3.0,1.0,0.0,0.0,0.0,5.0,8.0,0.0,1.0,5.0,56.0,0,,11077.0,0.0,0.0
104,44.0,5.0,,第1节,14.5,0.83,-14.5,0.83,137.5,0.83,137.5,0.83,137.5,,,,0.0,1.0,4.0,1.0,0.0,0.0,5.0,3.0,1.0,0.0,0.0,0.0,5.0,8.0,0.0,1.0,5.0,56.0,0,,11077.0,0.0,0.0
105,44.0,5.0,,第1节,14.5,0.83,-14.5,0.83,137.5,0.83,137.5,0.83,137.5,,,,0.0,1.0,4.0,1.0,0.0,0.0,5.0,3.0,1.0,0.0,0.0,0.0,5.0,8.0,0.0,1.0,5.0,56.0,0,,11077.0,0.0,0.0
106,44.0,5.0,,第1节,14.5,0.83,-14.5,0.83,137.5,0.83,137.5,0.83,137.5,,,,0.0,1.0,4.0,1.0,0.0,0.0,5.0,3.0,1.0,0.0,0.0,0.0,11.0,8.0,0.0,1.0,5.0,32.0,0,,11077.0,0.0,0.0
107,44.0,5.0,,第1节,14.5,0.83,-14.5,0.83,137.5,0.83,137.5,0.83,137.5,,,,1.0,1.0,4.0,1.0,0.0,0.0,5.0,3.0,1.0,0.0,0.0,0.0,11.0,8.0,0.0,1.0,5.0,32.0,0,,11075.0,0.0,0.0
108,44.0,5.0,,第1节,14.5,0.83,-14.5,0.83,137.5,0.83,137.5,0.83,137.5,,,,1.0,1.0,4.0,1.0,0.0,0.0,5.0,3.0,1.0,0.0,0.0,0.0,5.0,11.0,0.0,1.0,5.0,32.0,0,,21077.0,0.0,0.0
109,44.0,5.0,,第1节,14.5,0.83,-16.5,0.83,137.5,0.83,137.5,0.83,-16.5,,,,1.0,1.0,4.0,1.0,0.0,0.0,5.0,3.0,1.0,0.0,0.0,0.0,5.0,11.0,0.0,1.0,5.0,32.0,0,,21077.0,0.0,0.0
110,44.0,5.0,,第1节,16.5,0.83,-16.5,0.83,137.5,0.83,139.5,0.83,16.5,,,,1.0,1.0,4.0,1.0,0.0,0.0,5.0,3.0,1.0,0.0,0.0,0.0,5.0,11.0,0.0,1.0,5.0,32.0,0,,21077.0,0.0,0.0
111,44.0,5.0,,第1节,16.5,0.83,-16.5,0.83,139.5,0.83,139.5,0.83,139.5,,,,1.0,1.0,4.0,1.0,0.0,0.0,5.0,3.0,1.0,0.0,0.0,0.0,5.0,11.0,0.0,1.0,5.0,32.0,0,,21077.0,0.0,0.0
112,44.0,5.0,,第1节,16.5,0.83,-16.5,0.83,139.5,0.83,139.5,0.83,139.5,,,,1.0,1.0,4.0,1.0,0.0,0.0,5.0,3.0,1.0,0.0,0.0,0.0,5.0,11.0,0.0,1.0,5.0,30.0,0,,21077.0,0.0,0.0
113,44.0,5.0,,第1节,16.5,0.83,-16.5,0.83,139.5,0.83,139.5,0.83,139.5,,,,1.0,1.0,4.0,2.0,0.0,0.0,5.0,3.0,1.0,0.0,0.0,0.0,5.0,7.0,0.0,1.0,5.0,30.0,0,,21074.0,0.0,0.0
114,44.0,5.0,,第1节,16.5,0.83,-16.5,0.83,139.5,0.83,139.5,0.83,139.5,,,,1.0,1.0,4.0,2.0,0.0,0.0,5.0,3.0,1.0,0.0,0.0,0.0,7.0,11.0,0.0,1.0,5.0,30.0,0,,11077.0,0.0,0.0
115,44.0,5.0,,第1节,16.5,0.83,-16.5,0.83,139.5,0.83,139.5,0.83,139.5,,,,1.0,1.0,4.0,2.0,0.0,0.0,5.0,3.0,1.0,0.0,0.0,0.0,7.0,11.0,0.0,1.0,5.0,14.0,0,,11077.0,0.0,0.0
116,44.0,5.0,,第1节,16.5,0.87,-14.5,0.8,139.5,0.83,139.5,0.83,-14.5,,,,1.0,1.0,4.0,2.0,0.0,0.0,5.0,3.0,1.0,0.0,0.0,0.0,7.0,11.0,0.0,1.0,5.0,14.0,0,,11077.0,0.0,0.0
117,44.0,5.0,,第1节,14.5,0.87,-14.5,0.8,139.5,0.83,141.5,0.83,14.5,,,,1.0,1.0,4.0,2.0,0.0,0.0,5.0,3.0,1.0,0.0,0.0,0.0,7.0,11.0,0.0,1.0,5.0,14.0,0,,11077.0,0.0,0.0
118,44.0,5.0,,第1节,14.5,0.87,-14.5,0.8,141.5,0.83,141.5,0.83,141.5,,,,1.0,1.0,4.0,2.0,0.0,0.0,5.0,3.0,1.0,0.0,0.0,0.0,7.0,11.0,0.0,1.0,5.0,14.0,0,,11077.0,0.0,0.0
119,44.0,5.0,,第1节,14.5,0.87,-14.5,0.8,141.5,0.83,141.5,0.83,141.5,,,,1.0,1.0,4.0,2.0,0.0,0.0,5.0,3.0,1.0,0.0,0.0,0.0,7.0,11.0,0.0,1.0,5.0,13.0,0,,11077.0,0.0,0.0
120,44.0,5.0,,第1节,14.5,0.87,-14.5,0.8,141.5,0.83,141.5,0.83,141.5,,,,1.0,1.0,4.0,2.0,0.0,0.0,5.0,3.0,1.0,0.0,0.0,0.0,7.0,11.0,0.0,1.0,4.0,13.0,0,,21077.0,0.0,0.0
121,44.0,5.0,,第1节,14.5,0.87,-14.5,0.8,141.5,0.83,141.5,0.83,141.5,,,,1.0,1.0,4.0,2.0,0.0,0.0,5.0,3.0,1.0,0.0,0.0,0.0,7.0,11.0,0.0,1.0,4.0,46.0,0,,21077.0,0.0,0.0
122,44.0,5.0,,第1节,14.5,0.83,-14.5,0.83,139.5,0.83,139.5,0.83,139.5,,,,1.0,1.0,4.0,2.0,0.0,0.0,5.0,3.0,1.0,0.0,0.0,0.0,7.0,11.0,0.0,1.0,4.0,46.0,0,,21077.0,0.0,0.0
123,44.0,5.0,,第1节,14.5,0.83,-14.5,0.83,139.5,0.83,139.5,0.83,139.5,,,,1.0,1.0,4.0,2.0,0.0,0.0,5.0,3.0,1.0,0.0,0.0,0.0,7.0,11.0,0.0,1.0,4.0,25.0,0,,21077.0,0.0,0.0
124,44.0,5.0,,第1节,14.5,0.83,-14.5,0.83,139.5,0.83,139.5,0.83,139.5,,,,1.0,1.0,4.0,3.0,0.0,0.0,5.0,3.0,1.0,0.0,0.0,0.0,7.0,9.0,0.0,1.0,4.0,25.0,0,,21074.0,0.0,0.0
125,44.0,5.0,,第1节,14.5,0.83,-14.5,0.83,139.5,0.83,139.5,0.83,139.5,,,,1.0,1.0,4.0,3.0,0.0,0.0,5.0,3.0,1.0,0.0,0.0,0.0,9.0,11.0,0.0,1.0,4.0,21.0,0,,11077.0,0.0,0.0
126,44.0,5.0,,第1节,14.5,0.8,-13.5,0.87,139.5,0.83,139.5,0.83,-13.5,,,,1.0,1.0,4.0,3.0,0.0,0.0,5.0,3.0,1.0,0.0,0.0,0.0,9.0,11.0,0.0,1.0,4.0,21.0,0,,11077.0,0.0,0.0
127,44.0,5.0,,第1节,13.5,0.8,-13.5,0.87,139.5,0.83,140.5,0.83,13.5,,,,1.0,1.0,4.0,3.0,0.0,0.0,5.0,3.0,1.0,0.0,0.0,0.0,9.0,11.0,0.0,1.0,4.0,21.0,0,,11077.0,0.0,0.0
128,44.0,5.0,,第1节,13.5,0.8,-13.5,0.87,140.5,0.83,140.5,0.83,140.5,,,,1.0,1.0,4.0,3.0,0.0,0.0,5.0,3.0,1.0,0.0,0.0,0.0,9.0,11.0,0.0,1.0,4.0,21.0,0,,11077.0,0.0,0.0
129,44.0,5.0,,第1节,13.5,0.8,-13.5,0.87,140.5,0.83,140.5,0.83,140.5,,,,1.0,1.0,4.0,3.0,0.0,0.0,5.0,3.0,1.0,0.0,0.0,0.0,9.0,11.0,0.0,1.0,4.0,19.0,0,,11077.0,0.0,0.0
130,44.0,5.0,,第1节,13.5,0.8,-13.5,0.87,139.5,0.83,139.5,0.83,139.5,,,,1.0,1.0,4.0,3.0,0.0,0.0,5.0,3.0,1.0,0.0,0.0,0.0,9.0,11.0,0.0,1.0,4.0,19.0,0,,11077.0,0.0,0.0
131,44.0,5.0,,第1节,13.5,0.8,-13.5,0.87,139.5,0.83,139.5,0.83,139.5,,,,1.0,1.0,4.0,3.0,0.0,0.0,5.0,3.0,1.0,0.0,0.0,0.0,9.0,11.0,0.0,1.0,4.0,4.0,0,,21077.0,0.0,0.0
132,44.0,5.0,,第1节,13.5,0.83,-12.5,0.83,139.5,0.83,139.5,0.83,-12.5,,,,1.0,1.0,4.0,3.0,0.0,0.0,5.0,3.0,1.0,0.0,0.0,0.0,9.0,11.0,0.0,1.0,4.0,4.0,0,,21077.0,0.0,0.0
133,44.0,5.0,,第1节,12.5,0.83,-12.5,0.83,139.5,0.83,138.5,0.83,12.5,,,,1.0,1.0,4.0,3.0,0.0,0.0,5.0,3.0,1.0,0.0,0.0,0.0,9.0,11.0,0.0,1.0,4.0,4.0,0,,21077.0,0.0,0.0
134,44.0,5.0,,第1节,12.5,0.83,-12.5,0.83,138.5,0.83,138.5,0.83,138.5,,,,1.0,1.0,4.0,3.0,0.0,0.0,5.0,3.0,1.0,0.0,0.0,0.0,9.0,11.0,0.0,1.0,4.0,4.0,0,,21077.0,0.0,0.0
135,44.0,5.0,,第1节,12.5,0.83,-12.5,0.83,138.5,0.83,138.5,0.83,138.5,,,,1.0,1.0,4.0,3.0,0.0,0.0,5.0,3.0,1.0,0.0,0.0,0.0,9.0,11.0,0.0,1.0,3.0,54.0,0,,21077.0,0.0,0.0
136,44.0,5.0,,第1节,12.5,0.83,-12.5,0.83,138.5,0.83,138.5,0.83,138.5,,,,1.0,1.0,4.0,3.0,0.0,0.0,5.0,3.0,1.0,0.0,0.0,0.0,9.0,11.0,0.0,1.0,3.0,54.0,0,,11077.0,0.0,0.0
137,44.0,5.0,,第1节,12.5,0.83,-12.5,0.83,138.5,0.83,138.5,0.83,138.5,,,,1.0,1.0,4.0,3.0,0.0,0.0,5.0,3.0,1.0,0.0,0.0,0.0,9.0,11.0,0.0,1.0,3.0,53.0,0,,11077.0,0.0,0.0
138,44.0,5.0,,第1节,12.5,0.87,-12.5,0.8,138.5,0.83,138.5,0.83,138.5,,,,1.0,1.0,4.0,3.0,0.0,0.0,5.0,3.0,1.0,0.0,0.0,0.0,9.0,11.0,0.0,1.0,3.0,53.0,0,,21077.0,0.0,0.0
139,44.0,5.0,,第1节,12.5,0.83,-12.5,0.83,137.5,0.83,137.5,0.83,137.5,,,,1.0,1.0,4.0,3.0,0.0,0.0,5.0,3.0,1.0,0.0,0.0,0.0,9.0,11.0,0.0,1.0,3.0,53.0,0,,21077.0,0.0,0.0
140,44.0,5.0,,第1节,12.5,0.83,-12.5,0.83,137.5,0.83,137.5,0.83,137.5,,,,1.0,1.0,4.0,3.0,0.0,0.0,5.0,3.0,1.0,0.0,0.0,0.0,9.0,11.0,0.0,1.0,3.0,50.0,0,,21077.0,0.0,0.0
141,44.0,5.0,,第1节,12.5,0.83,-12.5,0.83,137.5,0.83,137.5,0.83,137.5,,,,1.0,1.0,4.0,3.0,0.0,0.0,5.0,3.0,1.0,0.0,0.0,0.0,9.0,11.0,0.0,1.0,3.0,50.0,0,,21077.0,0.0,0.0
142,44.0,5.0,,第1节,12.5,0.83,-12.5,0.83,137.5,0.83,137.5,0.83,137.5,,,,1.0,1.0,4.0,3.0,0.0,0.0,5.0,3.0,1.0,0.0,0.0,0.0,9.0,11.0,0.0,1.0,3.0,45.0,0,,21077.0,0.0,0.0
143,44.0,5.0,,第1节,12.5,0.83,-12.5,0.83,137.5,0.83,137.5,0.83,137.5,,,,1.0,1.0,4.0,3.0,0.0,0.0,5.0,3.0,1.0,0.0,0.0,0.0,9.0,11.0,0.0,1.0,3.0,45.0,0,,21077.0,0.0,0.0
144,44.0,5.0,,第1节,12.5,0.83,-12.5,0.83,137.5,0.83,137.5,0.83,137.5,,,,1.0,1.0,4.0,3.0,0.0,0.0,5.0,3.0,1.0,0.0,0.0,0.0,9.0,11.0,0.0,1.0,3.0,41.0,0,,21077.0,0.0,0.0
145,44.0,5.0,,第1节,12.5,0.83,-12.5,0.83,137.5,0.83,137.5,0.83,137.5,,,,1.0,1.0,4.0,3.0,0.0,0.0,5.0,3.0,1.0,0.0,0.0,0.0,9.0,11.0,0.0,1.0,3.0,41.0,0,,11077.0,0.0,0.0
146,44.0,5.0,,第1节,12.5,0.83,-12.5,0.83,137.5,0.83,137.5,0.83,137.5,,,,1.0,1.0,4.0,3.0,0.0,0.0,5.0,3.0,1.0,0.0,0.0,0.0,9.0,11.0,0.0,1.0,3.0,37.0,0,,11077.0,0.0,0.0
147,44.0,5.0,,第1节,12.5,0.83,-12.5,0.83,136.5,0.83,136.5,0.83,136.5,,,,1.0,1.0,4.0,3.0,0.0,0.0,5.0,3.0,1.0,0.0,0.0,0.0,9.0,11.0,0.0,1.0,3.0,37.0,0,,11077.0,0.0,0.0
148,44.0,5.0,,第1节,12.5,0.83,-12.5,0.83,136.5,0.83,136.5,0.83,136.5,,,,1.0,1.0,4.0,3.0,0.0,0.0,5.0,3.0,1.0,0.0,0.0,0.0,9.0,11.0,0.0,1.0,3.0,38.0,0,,11077.0,0.0,0.0
149,44.0,5.0,,第1节,12.5,0.83,-12.5,0.83,137.5,0.83,137.5,0.83,137.5,,,,1.0,1.0,4.0,3.0,0.0,0.0,5.0,3.0,1.0,0.0,0.0,0.0,9.0,11.0,0.0,1.0,3.0,38.0,0,,11077.0,0.0,0.0
150,44.0,5.0,,第1节,12.5,0.83,-12.5,0.83,137.5,0.83,136.5,0.83,137.5,,,,1.0,1.0,4.0,3.0,0.0,0.0,5.0,3.0,1.0,0.0,0.0,0.0,9.0,11.0,0.0,1.0,3.0,38.0,0,,11077.0,0.0,0.0
151,44.0,5.0,,第1节,12.5,0.83,-12.5,0.83,136.5,0.83,136.5,0.83,136.5,,,,1.0,1.0,4.0,3.0,0.0,0.0,5.0,3.0,1.0,0.0,0.0,0.0,9.0,11.0,0.0,1.0,3.0,38.0,0,,11077.0,0.0,0.0
152,44.0,5.0,,第1节,12.5,0.83,-12.5,0.83,136.5,0.83,136.5,0.83,136.5,,,,1.0,1.0,4.0,3.0,0.0,0.0,5.0,3.0,1.0,0.0,0.0,0.0,9.0,11.0,0.0,1.0,3.0,28.0,0,,21077.0,0.0,0.0
153,44.0,5.0,,第1节,12.5,0.83,-12.5,0.83,136.5,0.83,136.5,0.83,136.5,,,,1.0,1.0,4.0,4.0,0.0,0.0,5.0,3.0,1.0,0.0,0.0,0.0,9.0,11.0,0.0,1.0,3.0,28.0,0,,21074.0,0.0,0.0
154,44.0,5.0,,第1节,12.5,0.83,-12.5,0.83,136.5,0.83,136.5,0.83,136.5,,,,1.0,1.0,4.0,4.0,0.0,0.0,5.0,3.0,1.0,0.0,0.0,0.0,11.0,11.0,0.0,1.0,3.0,22.0,0,,11077.0,0.0,0.0
155,44.0,5.0,,第1节,12.5,0.8,-11.5,0.87,136.5,0.83,136.5,0.83,-11.5,,,,1.0,1.0,4.0,4.0,0.0,0.0,5.0,3.0,1.0,0.0,0.0,0.0,11.0,11.0,0.0,1.0,3.0,22.0,0,,11077.0,0.0,0.0
156,44.0,5.0,,第1节,11.5,0.8,-11.5,0.87,136.5,0.83,138.5,0.83,11.5,,,,1.0,1.0,4.0,4.0,0.0,0.0,5.0,3.0,1.0,0.0,0.0,0.0,11.0,11.0,0.0,1.0,3.0,22.0,0,,11077.0,0.0,0.0
157,44.0,5.0,,第1节,11.5,0.8,-11.5,0.87,138.5,0.83,138.5,0.83,138.5,,,,1.0,1.0,4.0,4.0,0.0,0.0,5.0,3.0,1.0,0.0,0.0,0.0,11.0,11.0,0.0,1.0,3.0,22.0,0,,11077.0,0.0,0.0
158,44.0,5.0,,第1节,11.5,0.8,-11.5,0.87,138.5,0.83,138.5,0.83,138.5,,,,1.0,1.0,4.0,4.0,0.0,0.0,5.0,3.0,1.0,0.0,0.0,0.0,11.0,11.0,0.0,1.0,3.0,21.0,0,,11077.0,0.0,0.0
159,44.0,5.0,,第1节,11.5,0.8,-11.5,0.87,138.5,0.83,138.5,0.83,138.5,,,,1.0,1.0,4.0,4.0,0.0,0.0,4.0,3.0,1.0,0.0,0.0,0.0,11.0,11.0,0.0,1.0,3.0,21.0,0,,11081.0,0.0,0.0
160,44.0,5.0,,第1节,11.5,0.8,-11.5,0.87,138.5,0.83,138.5,0.83,138.5,,,,1.0,1.0,4.0,4.0,0.0,0.0,4.0,3.0,1.0,0.0,0.0,0.0,11.0,11.0,0.0,1.0,3.0,20.0,0,,11081.0,0.0,0.0
161,44.0,5.0,,第1节,11.5,0.8,-11.5,0.87,138.5,0.83,138.5,0.83,138.5,,,,1.0,1.0,4.0,4.0,0.0,0.0,3.0,3.0,1.0,0.0,0.0,0.0,11.0,11.0,0.0,1.0,3.0,20.0,0,,11081.0,0.0,0.0
162,44.0,5.0,,第1节,11.5,0.8,-11.5,0.87,138.5,0.83,138.5,0.83,138.5,,,,1.0,1.0,4.0,4.0,0.0,0.0,3.0,3.0,1.0,0.0,0.0,0.0,11.0,11.0,0.0,1.0,3.0,22.0,0,,11081.0,0.0,0.0
163,44.0,5.0,,第1节,11.5,0.8,-11.5,0.87,138.5,0.83,138.5,0.83,138.5,,,,1.0,1.0,4.0,4.0,0.0,0.0,3.0,3.0,1.0,0.0,0.0,0.0,11.0,11.0,0.0,1.0,3.0,22.0,0,,11077.0,0.0,0.0
164,44.0,5.0,,第1节,11.5,0.83,-10.5,0.83,138.5,0.83,138.5,0.83,-10.5,,,,1.0,1.0,4.0,4.0,0.0,0.0,3.0,3.0,1.0,0.0,0.0,0.0,11.0,11.0,0.0,1.0,3.0,22.0,0,,21077.0,0.0,0.0
165,44.0,5.0,,第1节,10.5,0.83,-10.5,0.83,138.5,0.83,137.5,0.83,10.5,,,,1.0,1.0,4.0,4.0,0.0,0.0,3.0,3.0,1.0,0.0,0.0,0.0,11.0,11.0,0.0,1.0,3.0,22.0,0,,21077.0,0.0,0.0
166,44.0,5.0,,第1节,10.5,0.83,-10.5,0.83,137.5,0.83,137.5,0.83,137.5,,,,1.0,1.0,4.0,4.0,0.0,0.0,3.0,3.0,1.0,0.0,0.0,0.0,11.0,11.0,0.0,1.0,3.0,22.0,0,,21077.0,0.0,0.0
167,44.0,5.0,,第1节,10.5,0.83,-10.5,0.83,137.5,0.83,137.5,0.83,137.5,,,,1.0,1.0,4.0,4.0,0.0,0.0,3.0,3.0,1.0,0.0,0.0,0.0,11.0,11.0,0.0,1.0,3.0,3.0,0,,21077.0,0.0,0.0
168,44.0,5.0,,第1节,10.5,0.83,-10.5,0.83,137.5,0.83,137.5,0.83,137.5,,,,1.0,1.0,4.0,4.0,0.0,0.0,3.0,3.0,1.0,0.0,0.0,0.0,11.0,11.0,0.0,1.0,2.0,3.0,0,,21077.0,0.0,0.0
169,44.0,5.0,,第1节,10.5,0.83,-10.5,0.83,137.5,0.83,137.5,0.83,137.5,,,,1.0,1.0,4.0,4.0,0.0,0.0,3.0,3.0,1.0,0.0,0.0,0.0,11.0,11.0,0.0,1.0,2.0,51.0,0,,21077.0,0.0,0.0
170,44.0,5.0,,第1节,10.5,0.87,-10.5,0.8,136.5,0.83,136.5,0.83,136.5,,,,1.0,1.0,4.0,4.0,0.0,0.0,3.0,3.0,1.0,0.0,0.0,0.0,11.0,11.0,0.0,1.0,2.0,51.0,0,,11077.0,0.0,0.0
171,44.0,5.0,,第1节,10.5,0.87,-10.5,0.8,136.5,0.83,136.5,0.83,136.5,,,,1.0,1.0,4.0,4.0,0.0,0.0,3.0,3.0,1.0,0.0,0.0,0.0,11.0,11.0,0.0,1.0,2.0,49.0,0,,11077.0,0.0,0.0
172,44.0,5.0,,第1节,10.5,0.87,-10.5,0.8,136.5,0.83,136.5,0.83,136.5,,,,1.0,1.0,4.0,4.0,0.0,0.0,3.0,3.0,1.0,0.0,0.0,0.0,11.0,11.0,0.0,1.0,2.0,49.0,0,,11077.0,0.0,0.0
173,44.0,5.0,,第1节,10.5,0.87,-10.5,0.8,136.5,0.83,136.5,0.83,136.5,,,,1.0,1.0,4.0,4.0,0.0,0.0,3.0,3.0,1.0,0.0,0.0,0.0,11.0,11.0,0.0,1.0,2.0,32.0,0,,11077.0,0.0,0.0
174,44.0,5.0,,第1节,10.5,0.83,-10.5,0.83,135.5,0.83,135.5,0.83,135.5,,,,1.0,1.0,4.0,4.0,0.0,0.0,3.0,3.0,1.0,0.0,0.0,0.0,11.0,11.0,0.0,1.0,2.0,32.0,0,,21077.0,0.0,0.0
175,44.0,5.0,,第1节,10.5,0.83,-10.5,0.83,135.5,0.83,135.5,0.83,135.5,,,,1.0,2.0,4.0,4.0,0.0,0.0,3.0,3.0,1.0,0.0,0.0,0.0,11.0,14.0,0.0,1.0,2.0,32.0,0,,21075.0,0.0,0.0
176,44.0,5.0,,第1节,10.5,0.83,-8.5,0.83,135.5,0.83,135.5,0.83,-8.5,,,,1.0,2.0,4.0,4.0,0.0,0.0,3.0,3.0,1.0,0.0,0.0,0.0,11.0,14.0,0.0,1.0,2.0,32.0,0,,11077.0,0.0,0.0
177,44.0,5.0,,第1节,8.5,0.83,-8.5,0.83,135.5,0.83,138.5,0.83,8.5,,,,1.0,2.0,4.0,4.0,0.0,0.0,3.0,3.0,1.0,0.0,0.0,0.0,11.0,14.0,0.0,1.0,2.0,32.0,0,,11077.0,0.0,0.0
178,44.0,5.0,,第1节,8.5,0.83,-8.5,0.83,138.5,0.83,138.5,0.83,138.5,,,,1.0,2.0,4.0,4.0,0.0,0.0,3.0,3.0,1.0,0.0,0.0,0.0,11.0,14.0,0.0,1.0,2.0,32.0,0,,11077.0,0.0,0.0
179,44.0,5.0,,第1节,8.5,0.83,-8.5,0.83,138.5,0.83,138.5,0.83,138.5,,,,1.0,2.0,4.0,4.0,0.0,0.0,3.0,3.0,1.0,0.0,0.0,0.0,14.0,11.0,0.0,1.0,2.0,32.0,0,,11077.0,0.0,0.0
180,44.0,5.0,,第1节,8.5,0.83,-8.5,0.83,138.5,0.83,138.5,0.83,138.5,,,,1.0,2.0,4.0,4.0,0.0,0.0,3.0,3.0,1.0,0.0,0.0,0.0,14.0,11.0,0.0,1.0,2.0,22.0,0,,11077.0,0.0,0.0
181,44.0,5.0,,第1节,8.5,0.83,-8.5,0.83,138.5,0.83,138.5,0.83,138.5,,,,1.0,2.0,4.0,4.0,0.0,0.0,3.0,3.0,1.0,0.0,0.0,0.0,14.0,11.0,0.0,1.0,2.0,22.0,0,,11077.0,0.0,0.0
182,44.0,5.0,,第1节,8.5,0.83,-8.5,0.83,138.5,0.83,138.5,0.83,138.5,,,,1.0,2.0,4.0,4.0,0.0,0.0,3.0,3.0,1.0,0.0,0.0,0.0,14.0,11.0,0.0,1.0,2.0,20.0,0,,11077.0,0.0,0.0
183,44.0,5.0,,第1节,8.5,0.83,-8.5,0.83,138.5,0.83,138.5,0.83,138.5,,,,1.0,2.0,4.0,4.0,0.0,0.0,3.0,3.0,1.0,0.0,0.0,0.0,14.0,11.0,0.0,1.0,1.0,20.0,0,,11077.0,0.0,0.0
184,44.0,5.0,,第1节,8.5,0.83,-8.5,0.83,138.5,0.83,138.5,0.83,138.5,,,,1.0,2.0,4.0,4.0,0.0,0.0,3.0,3.0,1.0,0.0,0.0,0.0,14.0,11.0,0.0,1.0,1.0,59.0,0,,11077.0,0.0,0.0
185,44.0,5.0,,第1节,8.5,0.83,-8.5,0.83,138.5,0.83,138.5,0.83,138.5,,,,1.0,2.0,4.0,4.0,0.0,0.0,3.0,3.0,1.0,1.0,0.0,0.0,14.0,11.0,0.0,1.0,1.0,59.0,0,,21086.0,0.0,0.0
186,44.0,5.0,,第1节,8.5,0.83,-8.5,0.83,136.5,0.83,136.5,0.83,136.5,,,,1.0,2.0,4.0,4.0,0.0,0.0,3.0,3.0,1.0,1.0,0.0,0.0,14.0,11.0,0.0,1.0,1.0,59.0,0,,11077.0,0.0,0.0
187,44.0,5.0,,第1节,8.5,0.83,-8.5,0.83,136.5,0.83,136.5,0.83,136.5,,,,1.0,2.0,4.0,4.0,0.0,0.0,3.0,3.0,1.0,1.0,0.0,0.0,14.0,11.0,0.0,1.0,1.0,48.0,0,,11077.0,0.0,0.0
188,44.0,5.0,,第1节,8.5,0.83,-8.5,0.83,135.5,0.83,135.5,0.83,135.5,,,,1.0,2.0,4.0,4.0,0.0,0.0,3.0,3.0,1.0,1.0,0.0,0.0,14.0,11.0,0.0,1.0,1.0,48.0,0,,11077.0,0.0,0.0
189,44.0,5.0,,第1节,8.5,0.8,-8.5,0.87,135.5,0.83,135.5,0.83,135.5,,,,1.0,2.0,4.0,4.0,0.0,0.0,3.0,3.0,1.0,1.0,0.0,0.0,14.0,11.0,0.0,1.0,1.0,37.0,0,,11077.0,0.0,0.0
190,44.0,5.0,,第1节,8.5,0.8,-8.5,0.87,135.5,0.83,135.5,0.83,135.5,,,,1.0,2.0,5.0,4.0,0.0,0.0,3.0,3.0,1.0,1.0,0.0,0.0,13.0,11.0,0.0,1.0,1.0,37.0,0,,11074.0,0.0,0.0
191,44.0,5.0,,第1节,8.5,0.8,-8.5,0.87,135.5,0.83,135.5,0.83,135.5,,,,1.0,2.0,5.0,4.0,0.0,0.0,3.0,3.0,1.0,1.0,0.0,0.0,14.0,13.0,0.0,1.0,1.0,37.0,0,,21077.0,0.0,0.0
192,44.0,5.0,,第1节,8.5,0.8,-8.5,0.87,135.5,0.83,135.5,0.83,135.5,,,,1.0,2.0,5.0,4.0,0.0,0.0,3.0,3.0,1.0,1.0,0.0,0.0,14.0,13.0,0.0,1.0,1.0,36.0,0,,21077.0,0.0,0.0
193,44.0,5.0,,第1节,8.5,0.83,-9.5,0.83,135.5,0.83,135.5,0.83,-9.5,,,,1.0,2.0,5.0,4.0,0.0,0.0,3.0,3.0,1.0,1.0,0.0,0.0,14.0,13.0,0.0,1.0,1.0,36.0,0,,21077.0,0.0,0.0
194,44.0,5.0,,第1节,9.5,0.83,-9.5,0.83,135.5,0.83,137.5,0.83,9.5,,,,1.0,2.0,5.0,4.0,0.0,0.0,3.0,3.0,1.0,1.0,0.0,0.0,14.0,13.0,0.0,1.0,1.0,36.0,0,,21077.0,0.0,0.0
195,44.0,5.0,,第1节,9.5,0.83,-9.5,0.83,137.5,0.83,137.5,0.83,137.5,,,,1.0,2.0,5.0,4.0,0.0,0.0,3.0,3.0,1.0,1.0,0.0,0.0,14.0,13.0,0.0,1.0,1.0,36.0,0,,21077.0,0.0,0.0
196,44.0,5.0,,第1节,9.5,0.83,-9.5,0.83,137.5,0.83,137.5,0.83,137.5,,,,1.0,2.0,5.0,4.0,0.0,0.0,3.0,3.0,1.0,1.0,0.0,0.0,14.0,13.0,0.0,1.0,1.0,34.0,0,,21077.0,0.0,0.0
197,44.0,5.0,,第1节,9.5,0.83,-9.5,0.83,137.5,0.83,137.5,0.83,137.5,,,,1.0,2.0,5.0,4.0,0.0,0.0,3.0,3.0,1.0,1.0,0.0,0.0,14.0,13.0,0.0,1.0,1.0,34.0,0,,21077.0,0.0,0.0
198,44.0,5.0,,第1节,9.5,0.83,-9.5,0.83,137.5,0.83,137.5,0.83,137.5,,,,1.0,2.0,5.0,4.0,0.0,0.0,3.0,3.0,1.0,1.0,0.0,0.0,14.0,13.0,0.0,1.0,1.0,32.0,0,,21077.0,0.0,0.0
199,44.0,5.0,,第1节,9.5,0.8,-8.5,0.87,137.5,0.83,137.5,0.83,-8.5,,,,1.0,2.0,5.0,4.0,0.0,0.0,3.0,3.0,1.0,1.0,0.0,0.0,14.0,13.0,0.0,1.0,1.0,32.0,0,,21077.0,0.0,0.0
200,44.0,5.0,,第1节,8.5,0.8,-8.5,0.87,137.5,0.83,139.5,0.83,8.5,,,,1.0,2.0,5.0,4.0,0.0,0.0,3.0,3.0,1.0,1.0,0.0,0.0,14.0,13.0,0.0,1.0,1.0,32.0,0,,21077.0,0.0,0.0
201,44.0,5.0,,第1节,8.5,0.8,-8.5,0.87,139.5,0.83,139.5,0.83,139.5,,,,1.0,2.0,5.0,4.0,0.0,0.0,3.0,3.0,1.0,1.0,0.0,0.0,14.0,13.0,0.0,1.0,1.0,32.0,0,,21077.0,0.0,0.0
202,44.0,5.0,,第1节,8.5,0.8,-8.5,0.87,139.5,0.83,139.5,0.83,139.5,,,,1.0,2.0,5.0,4.0,0.0,0.0,3.0,3.0,1.0,1.0,0.0,0.0,14.0,13.0,0.0,1.0,1.0,27.0,0,,21077.0,0.0,0.0
203,44.0,5.0,,第1节,8.5,0.8,-8.5,0.87,139.5,0.83,139.5,0.83,139.5,,,,1.0,2.0,5.0,5.0,0.0,0.0,3.0,3.0,1.0,1.0,0.0,0.0,14.0,16.0,0.0,1.0,1.0,27.0,0,,21074.0,0.0,0.0
204,44.0,5.0,,第1节,8.5,0.8,-8.5,0.87,139.5,0.83,139.5,0.83,139.5,,,,1.0,2.0,5.0,5.0,0.0,0.0,3.0,3.0,1.0,1.0,0.0,0.0,16.0,13.0,0.0,1.0,1.0,27.0,0,,11077.0,0.0,0.0
205,44.0,5.0,,第1节,8.5,0.8,-8.5,0.87,139.5,0.83,139.5,0.83,139.5,,,,1.0,2.0,5.0,5.0,0.0,0.0,3.0,3.0,1.0,1.0,0.0,0.0,16.0,13.0,0.0,1.0,1.0,25.0,0,,11077.0,0.0,0.0
206,44.0,5.0,,第1节,8.5,0.8,-8.5,0.87,139.5,0.83,139.5,0.83,139.5,,,,1.0,2.0,5.0,5.0,0.0,0.0,3.0,3.0,1.0,1.0,0.0,0.0,16.0,13.0,0.0,1.0,1.0,25.0,0,,11077.0,0.0,0.0
207,44.0,5.0,,第1节,8.5,0.8,-8.5,0.87,139.5,0.83,139.5,0.83,139.5,,,,1.0,2.0,5.0,5.0,0.0,0.0,3.0,3.0,1.0,1.0,0.0,0.0,16.0,13.0,0.0,1.0,1.0,7.0,0,,11077.0,0.0,0.0
208,44.0,5.0,,第1节,8.5,0.8,-8.5,0.87,139.5,0.83,139.5,0.83,139.5,,,,1.0,2.0,5.0,5.0,0.0,0.0,3.0,3.0,1.0,1.0,0.0,0.0,16.0,13.0,0.0,1.0,1.0,7.0,0,,11077.0,0.0,0.0
209,44.0,5.0,,第1节,8.5,0.8,-8.5,0.87,139.5,0.83,139.5,0.83,139.5,,,,1.0,2.0,5.0,5.0,0.0,0.0,3.0,3.0,1.0,1.0,0.0,0.0,16.0,13.0,0.0,1.0,1.0,11.0,0,,11077.0,0.0,0.0
210,44.0,5.0,,第1节,8.5,0.8,-8.5,0.87,138.5,0.83,138.5,0.83,138.5,,,,1.0,2.0,5.0,5.0,0.0,0.0,3.0,3.0,1.0,1.0,0.0,0.0,16.0,13.0,0.0,1.0,1.0,11.0,0,,11077.0,0.0,0.0
211,44.0,5.0,,第1节,8.5,0.8,-8.5,0.83,138.5,0.83,138.5,0.83,138.5,,,,1.0,2.0,5.0,5.0,0.0,0.0,3.0,3.0,1.0,1.0,0.0,0.0,16.0,13.0,0.0,1.0,1.0,11.0,0,,21077.0,0.0,0.0
212,44.0,5.0,,第1节,8.5,0.83,-7.5,0.83,138.5,0.83,138.5,0.83,-7.5,,,,1.0,2.0,5.0,5.0,0.0,0.0,3.0,3.0,1.0,1.0,0.0,0.0,16.0,13.0,0.0,1.0,1.0,11.0,0,,21077.0,0.0,0.0
213,44.0,5.0,,第1节,7.5,0.83,-7.5,0.83,138.5,0.83,137.5,0.83,7.5,,,,1.0,2.0,5.0,5.0,0.0,0.0,3.0,3.0,1.0,1.0,0.0,0.0,16.0,13.0,0.0,1.0,1.0,11.0,0,,21077.0,0.0,0.0
214,44.0,5.0,,第1节,7.5,0.83,-7.5,0.83,137.5,0.83,137.5,0.83,137.5,,,,1.0,2.0,5.0,5.0,0.0,0.0,3.0,3.0,1.0,1.0,0.0,0.0,16.0,13.0,0.0,1.0,1.0,11.0,0,,21077.0,0.0,0.0
215,44.0,5.0,,第1节,7.5,0.83,-7.5,0.83,137.5,0.83,137.5,0.83,137.5,,,,1.0,2.0,5.0,5.0,0.0,0.0,3.0,3.0,1.0,1.0,0.0,0.0,16.0,13.0,0.0,1.0,1.0,5.0,0,,21077.0,0.0,0.0
216,44.0,5.0,,第1节,7.5,0.83,-7.5,0.83,137.5,0.83,137.5,0.83,137.5,,,,1.0,2.0,5.0,5.0,0.0,0.0,3.0,3.0,1.0,1.0,0.0,0.0,16.0,13.0,0.0,1.0,0.0,5.0,0,,21077.0,0.0,0.0
217,44.0,5.0,,第1节,7.5,0.83,-7.5,0.83,137.5,0.83,137.5,0.83,137.5,,,,1.0,2.0,5.0,5.0,0.0,0.0,3.0,3.0,1.0,1.0,0.0,0.0,16.0,13.0,0.0,1.0,0.0,54.0,0,,21077.0,0.0,0.0
218,44.0,5.0,,第1节,7.5,0.83,-7.5,0.83,137.5,0.83,137.5,0.83,137.5,,,,1.0,2.0,5.0,5.0,0.0,0.0,3.0,3.0,1.0,1.0,0.0,0.0,16.0,13.0,0.0,1.0,0.0,54.0,0,,21077.0,0.0,0.0
219,44.0,5.0,,第1节,7.5,0.83,-7.5,0.83,137.5,0.83,137.5,0.83,137.5,,,,1.0,2.0,5.0,5.0,0.0,0.0,3.0,3.0,1.0,1.0,0.0,0.0,16.0,13.0,0.0,1.0,0.0,53.0,0,,21077.0,0.0,0.0
220,44.0,5.0,,第1节,7.5,0.83,-7.5,0.83,137.5,0.83,137.5,0.83,137.5,,,,1.0,2.0,5.0,5.0,0.0,0.0,3.0,3.0,2.0,1.0,0.0,0.0,16.0,13.0,0.0,1.0,0.0,53.0,0,,11086.0,0.0,0.0
221,44.0,5.0,,第1节,7.5,0.83,-7.5,0.83,137.5,0.83,137.5,0.83,137.5,,,,1.0,2.0,5.0,5.0,0.0,0.0,3.0,3.0,2.0,1.0,0.0,0.0,16.0,13.0,0.0,1.0,0.0,53.0,0,,21077.0,0.0,0.0
222,44.0,5.0,,第1节,7.5,0.83,-6.5,0.83,137.5,0.83,137.5,0.83,-6.5,,1:2,,1.0,2.0,5.0,5.0,0.0,0.0,3.0,3.0,2.0,1.0,0.0,0.0,16.0,13.0,0.0,1.0,0.0,53.0,0,,21078.0,0.0,0.0
223,44.0,5.0,,第1节,6.5,0.83,-6.5,0.83,137.5,0.83,138.5,0.83,6.5,,1:2,,1.0,2.0,5.0,5.0,0.0,0.0,3.0,3.0,2.0,1.0,0.0,0.0,16.0,13.0,0.0,1.0,0.0,53.0,0,,21078.0,0.0,0.0
224,44.0,5.0,,第1节,6.5,0.83,-6.5,0.83,138.5,0.83,138.5,0.83,138.5,,1:2,,1.0,2.0,5.0,5.0,0.0,0.0,3.0,3.0,2.0,1.0,0.0,0.0,16.0,13.0,0.0,1.0,0.0,53.0,0,,21078.0,0.0,0.0
225,44.0,5.0,,第1节,6.5,0.83,-6.5,0.83,138.5,0.83,138.5,0.83,138.5,,1:2,,1.0,2.0,5.0,5.0,0.0,0.0,3.0,3.0,2.0,1.0,0.0,0.0,16.0,13.0,0.0,1.0,0.0,54.0,0,,21078.0,0.0,0.0
226,44.0,5.0,,第1节,6.5,0.83,-6.5,0.83,138.5,0.83,138.5,0.83,138.5,,1:2,,1.0,2.0,5.0,5.0,0.0,0.0,3.0,3.0,2.0,1.0,0.0,0.0,16.0,13.0,0.0,1.0,0.0,54.0,0,,21078.0,0.0,0.0
227,44.0,5.0,,第1节,6.5,0.83,-6.5,0.83,138.5,0.83,138.5,0.83,138.5,,1:2,,1.0,2.0,5.0,5.0,0.0,0.0,3.0,3.0,2.0,1.0,0.0,0.0,16.0,13.0,0.0,1.0,0.0,56.0,0,,21078.0,0.0,0.0
228,44.0,5.0,,第1节,6.5,0.83,-7.5,0.83,138.5,0.83,138.5,0.83,-7.5,,1:2,,1.0,2.0,5.0,5.0,0.0,0.0,3.0,3.0,2.0,1.0,0.0,0.0,16.0,13.0,0.0,1.0,0.0,56.0,0,,21078.0,0.0,0.0
229,44.0,5.0,,第1节,7.5,0.83,-7.5,0.83,138.5,0.83,137.5,0.83,7.5,,1:2,,1.0,2.0,5.0,5.0,0.0,0.0,3.0,3.0,2.0,1.0,0.0,0.0,16.0,13.0,0.0,1.0,0.0,56.0,0,,21078.0,0.0,0.0
230,44.0,5.0,,第1节,7.5,0.83,-7.5,0.83,137.5,0.83,137.5,0.83,137.5,,1:2,,1.0,2.0,5.0,5.0,0.0,0.0,3.0,3.0,2.0,1.0,0.0,0.0,16.0,13.0,0.0,1.0,0.0,56.0,0,,21078.0,0.0,0.0
231,44.0,5.0,,第1节,7.5,0.83,-7.5,0.83,137.5,0.83,137.5,0.83,137.5,,1:2,,1.0,2.0,5.0,5.0,0.0,0.0,3.0,3.0,2.0,1.0,0.0,0.0,16.0,13.0,0.0,1.0,0.0,56.0,0,,21080.0,0.0,0.0
232,44.0,5.0,,第1节,7.5,0.83,-7.5,0.83,137.5,0.83,137.5,0.83,137.5,,2:2,,1.0,2.0,5.0,5.0,0.0,0.0,3.0,3.0,2.0,1.0,0.0,0.0,16.0,13.0,0.0,1.0,0.0,56.0,0,,21078.0,0.0,0.0
233,44.0,5.0,,第1节,7.5,0.83,-7.5,0.83,137.5,0.83,137.5,0.83,137.5,,2:2,,1.0,2.0,5.0,5.0,0.0,0.0,3.0,3.0,2.0,1.0,0.0,0.0,16.0,13.0,1.0,1.0,0.0,56.0,0,,21080.0,0.0,0.0
234,44.0,5.0,,第1节,7.5,0.83,-7.5,0.83,137.5,0.83,137.5,0.83,137.5,,2:2,,1.0,2.0,5.0,5.0,0.0,0.0,3.0,3.0,2.0,1.0,0.0,0.0,16.0,13.0,1.0,1.0,0.0,56.0,0,,21080.0,0.0,0.0
235,44.0,5.0,,第1节,7.5,0.83,-7.5,0.83,137.5,0.83,137.5,0.83,137.5,,2:2,,1.0,2.0,5.0,5.0,0.0,0.0,3.0,3.0,2.0,1.0,0.0,0.0,16.0,13.0,0.0,1.0,0.0,56.0,0,,21080.0,0.0,0.0
236,44.0,5.0,,第1节,7.5,0.8,-9.5,0.87,137.5,0.83,137.5,0.83,-9.5,,,,1.0,2.0,5.0,5.0,0.0,0.0,3.0,3.0,2.0,1.0,0.0,0.0,16.0,13.0,0.0,1.0,0.0,56.0,0,,11077.0,0.0,0.0
237,44.0,5.0,,第1节,9.5,0.8,-9.5,0.87,137.5,0.83,138.5,0.83,9.5,,,,1.0,2.0,5.0,5.0,0.0,0.0,3.0,3.0,2.0,1.0,0.0,0.0,16.0,13.0,0.0,1.0,0.0,56.0,0,,11077.0,0.0,0.0
238,44.0,5.0,,第1节,9.5,0.8,-9.5,0.87,138.5,0.83,138.5,0.83,138.5,,,,1.0,2.0,5.0,5.0,0.0,0.0,3.0,3.0,2.0,1.0,0.0,0.0,16.0,13.0,0.0,1.0,0.0,56.0,0,,11077.0,0.0,0.0
239,44.0,5.0,,第1节,9.5,0.8,-9.5,0.87,138.5,0.83,138.5,0.83,138.5,,,,1.0,2.0,5.0,5.0,0.0,0.0,3.0,3.0,2.0,1.0,0.0,0.0,16.0,13.0,0.0,1.0,0.0,35.0,0,,11077.0,0.0,0.0
240,44.0,5.0,,第1节,9.5,0.8,-9.5,0.87,138.5,0.83,138.5,0.83,138.5,,,,1.0,2.0,6.0,5.0,0.0,0.0,3.0,3.0,2.0,1.0,0.0,0.0,15.0,13.0,0.0,1.0,0.0,35.0,0,,11074.0,0.0,0.0
241,44.0,5.0,,第1节,9.5,0.8,-9.5,0.87,138.5,0.83,138.5,0.83,138.5,,,,1.0,2.0,6.0,5.0,0.0,0.0,3.0,3.0,2.0,1.0,0.0,0.0,16.0,15.0,0.0,1.0,0.0,35.0,0,,21077.0,0.0,0.0
242,44.0,5.0,,第1节,9.5,0.8,-9.5,0.87,138.5,0.83,138.5,0.83,138.5,,,,1.0,2.0,6.0,5.0,0.0,0.0,3.0,3.0,2.0,1.0,0.0,0.0,16.0,15.0,0.0,1.0,0.0,34.0,0,,21077.0,0.0,0.0
243,44.0,5.0,,第1节,9.5,0.8,-9.5,0.87,138.5,0.83,138.5,0.83,138.5,,,,1.0,2.0,6.0,5.0,0.0,0.0,3.0,3.0,2.0,2.0,0.0,0.0,16.0,15.0,0.0,1.0,0.0,34.0,0,,21086.0,0.0,0.0
244,44.0,5.0,,第1节,9.5,0.83,-9.5,0.83,138.5,0.83,138.5,0.83,138.5,,,,1.0,2.0,6.0,5.0,0.0,0.0,3.0,3.0,2.0,2.0,0.0,0.0,16.0,15.0,0.0,1.0,0.0,34.0,0,,11077.0,0.0,0.0
245,44.0,5.0,,第1节,9.5,0.83,-9.5,0.83,138.5,0.83,138.5,0.83,138.5,,1:1,,1.0,2.0,6.0,5.0,0.0,0.0,3.0,3.0,2.0,2.0,0.0,0.0,16.0,15.0,0.0,1.0,0.0,34.0,0,,11078.0,0.0,0.0
246,44.0,5.0,,第1节,9.5,0.83,-9.5,0.83,138.5,0.83,138.5,0.83,138.5,,1:1,,1.0,2.0,6.0,5.0,0.0,0.0,3.0,3.0,2.0,2.0,0.0,0.0,16.0,15.0,0.0,1.0,0.0,34.0,0,,11080.0,0.0,0.0
247,44.0,5.0,,第1节,9.5,0.8,-9.5,0.87,138.5,0.83,138.5,0.83,138.5,,,,1.0,2.0,6.0,5.0,0.0,0.0,3.0,3.0,2.0,2.0,0.0,0.0,16.0,18.0,0.0,1.0,0.0,34.0,0,,21077.0,0.0,0.0
248,44.0,5.0,,第1节,9.5,0.8,-9.5,0.87,138.5,0.83,138.5,0.83,138.5,,,,1.0,2.0,6.0,6.0,0.0,0.0,3.0,3.0,2.0,2.0,0.0,0.0,16.0,18.0,0.0,1.0,0.0,34.0,0,,21074.0,0.0,0.0
249,44.0,5.0,,第1节,9.5,0.8,-9.5,0.87,138.5,0.83,138.5,0.83,138.5,,,,1.0,2.0,6.0,6.0,0.0,0.0,3.0,3.0,2.0,2.0,0.0,0.0,18.0,15.0,0.0,1.0,0.0,34.0,0,,11077.0,0.0,0.0
250,44.0,5.0,,第1节,9.5,0.8,-9.5,0.87,138.5,0.83,138.5,0.83,138.5,,,,1.0,2.0,6.0,6.0,0.0,0.0,3.0,3.0,2.0,2.0,0.0,0.0,18.0,15.0,0.0,1.0,0.0,14.0,0,,11077.0,0.0,0.0
251,44.0,5.0,,第1节,9.5,0.83,-7.5,0.83,138.5,0.83,138.5,0.83,-7.5,,,,1.0,2.0,6.0,6.0,0.0,0.0,3.0,3.0,2.0,2.0,0.0,0.0,18.0,15.0,0.0,1.0,0.0,14.0,0,,11077.0,0.0,0.0
252,44.0,5.0,,第1节,7.5,0.83,-7.5,0.83,138.5,0.83,139.5,0.83,7.5,,,,1.0,2.0,6.0,6.0,0.0,0.0,3.0,3.0,2.0,2.0,0.0,0.0,18.0,15.0,0.0,1.0,0.0,14.0,0,,11077.0,0.0,0.0
253,44.0,5.0,,第1节,7.5,0.83,-7.5,0.83,139.5,0.83,139.5,0.83,139.5,,,,1.0,2.0,6.0,6.0,0.0,0.0,3.0,3.0,2.0,2.0,0.0,0.0,18.0,15.0,0.0,1.0,0.0,14.0,0,,11077.0,0.0,0.0
254,44.0,5.0,,第1节,7.5,0.83,-7.5,0.83,139.5,0.83,139.5,0.83,139.5,,,,1.0,2.0,6.0,6.0,0.0,0.0,3.0,3.0,2.0,2.0,0.0,0.0,18.0,15.0,0.0,1.0,0.0,12.0,0,,11077.0,0.0,0.0
255,44.0,5.0,,第2节,7.5,0.83,-7.5,0.83,139.5,0.83,139.5,0.83,139.5,,1.0,,1.0,2.0,6.0,6.0,0.0,0.0,3.0,3.0,0.0,0.0,0.0,0.0,18.0,15.0,0.0,1.0,0.0,12.0,0,,1082.0,0.0,0.0
256,44.0,5.0,第2节,第2节,7.5,0.83,-7.5,0.83,139.5,0.83,139.5,0.83,139.5,,1.0,,1.0,2.0,6.0,6.0,0.0,0.0,3.0,3.0,0.0,0.0,0.0,0.0,18.0,15.0,0.0,1.0,10.0,0.0,0,,1082.0,0.0,0.0
257,44.0,5.0,第2节,第2节,7.5,0.83,-7.5,0.83,138.5,0.83,138.5,0.83,138.5,,1.0,,1.0,2.0,6.0,6.0,0.0,0.0,3.0,3.0,0.0,0.0,0.0,0.0,18.0,15.0,0.0,1.0,10.0,0.0,0,,1082.0,0.0,0.0
258,44.0,5.0,第2节,第2节,7.5,0.83,-7.5,0.83,138.5,0.83,138.5,0.83,138.5,,1.0,,1.0,2.0,6.0,6.0,0.0,0.0,3.0,3.0,0.0,0.0,0.0,0.0,18.0,15.0,1.0,1.0,10.0,0.0,0,,1082.0,0.0,0.0
259,44.0,5.0,第2节,第2节,7.5,0.83,-7.5,0.83,138.5,0.83,138.5,0.83,138.5,,1.0,,1.0,2.0,6.0,6.0,0.0,0.0,3.0,3.0,0.0,0.0,0.0,0.0,18.0,15.0,1.0,1.0,10.0,0.0,0,,1082.0,0.0,0.0
260,44.0,5.0,第2节,第2节,7.5,0.83,-7.5,0.83,138.5,0.83,138.5,0.83,138.5,,1.0,,1.0,2.0,6.0,6.0,0.0,0.0,3.0,3.0,0.0,0.0,0.0,0.0,18.0,15.0,1.0,1.0,10.0,0.0,0,,1082.0,0.0,0.0
261,44.0,5.0,第2节,第2节,7.5,0.83,-7.5,0.83,138.5,0.83,138.5,0.83,138.5,,1.0,,1.0,2.0,6.0,6.0,0.0,0.0,3.0,3.0,0.0,0.0,0.0,0.0,18.0,15.0,1.0,1.0,10.0,0.0,0,,1082.0,0.0,0.0
262,44.0,5.0,第2节,第2节,7.5,0.83,-7.5,0.83,138.5,0.83,138.5,0.83,138.5,,1.0,,1.0,2.0,6.0,6.0,0.0,0.0,3.0,3.0,0.0,0.0,0.0,0.0,18.0,15.0,1.0,1.0,10.0,0.0,0,,1082.0,0.0,0.0
263,44.0,5.0,第2节,第2节,7.5,0.83,-7.5,0.83,138.5,0.83,138.5,0.83,138.5,,1.0,,1.0,2.0,6.0,6.0,0.0,0.0,3.0,3.0,0.0,0.0,0.0,0.0,18.0,15.0,1.0,1.0,10.0,0.0,0,,1082.0,0.0,0.0
264,44.0,5.0,第2节,第2节,7.5,0.83,-7.5,0.83,138.5,0.83,138.5,0.83,138.5,,1.0,,1.0,2.0,6.0,6.0,0.0,0.0,3.0,3.0,0.0,0.0,0.0,0.0,18.0,15.0,0.0,1.0,10.0,0.0,0,,1082.0,0.0,0.0
265,44.0,5.0,第2节,第2节,7.5,0.83,-7.5,0.83,138.5,0.83,138.5,0.83,138.5,,1.0,,1.0,2.0,6.0,6.0,0.0,0.0,3.0,3.0,0.0,0.0,0.0,0.0,18.0,15.0,0.0,1.0,10.0,0.0,0,,1082.0,0.0,0.0
266,44.0,5.0,第2节,第2节,7.5,0.83,-7.5,0.83,138.5,0.83,138.5,0.83,138.5,,1.0,,1.0,2.0,6.0,6.0,0.0,0.0,3.0,3.0,0.0,0.0,0.0,0.0,18.0,15.0,0.0,1.0,10.0,0.0,0,,1082.0,0.0,0.0
267,44.0,5.0,第2节,第2节,7.5,0.83,-7.5,0.83,138.5,0.83,138.5,0.83,138.5,,1.0,,1.0,2.0,6.0,6.0,0.0,0.0,3.0,3.0,0.0,0.0,0.0,0.0,18.0,15.0,0.0,1.0,10.0,0.0,0,,1082.0,0.0,0.0
268,44.0,5.0,第2节,第2节,7.5,0.83,-7.5,0.83,138.5,0.83,138.5,0.83,138.5,,1.0,,1.0,2.0,6.0,6.0,0.0,0.0,3.0,3.0,0.0,0.0,0.0,0.0,18.0,15.0,0.0,1.0,10.0,0.0,0,,1082.0,0.0,0.0
269,44.0,5.0,第2节,第2节,7.5,0.83,-7.5,0.83,138.5,0.83,138.5,0.83,138.5,2.0,,,1.0,2.0,6.0,6.0,0.0,0.0,3.0,3.0,0.0,0.0,0.0,0.0,18.0,15.0,0.0,1.0,10.0,0.0,0,,1088.0,0.0,0.0
270,44.0,5.0,第2节,第2节,7.5,0.83,-7.5,0.83,138.5,0.83,138.5,0.83,138.5,2.0,,,1.0,2.0,6.0,6.0,0.0,0.0,3.0,3.0,0.0,0.0,0.0,0.0,18.0,15.0,0.0,1.0,9.0,59.0,0,,21077.0,0.0,0.0
271,44.0,5.0,第2节,第2节,7.5,0.83,-7.5,0.83,138.5,0.83,138.5,0.83,138.5,2.0,,,1.0,2.0,6.0,6.0,0.0,0.0,3.0,3.0,0.0,0.0,0.0,0.0,18.0,15.0,0.0,1.0,9.0,59.0,0,,21077.0,0.0,0.0
272,44.0,5.0,第2节,第2节,7.5,0.83,-7.5,0.83,138.5,0.83,138.5,0.83,138.5,2.0,,,1.0,2.0,6.0,6.0,0.0,0.0,3.0,3.0,0.0,0.0,0.0,0.0,18.0,15.0,0.0,1.0,9.0,48.0,0,,21077.0,0.0,0.0
273,44.0,5.0,第2节,第2节,7.5,0.83,-7.5,0.83,137.5,0.83,137.5,0.83,137.5,2.0,,,1.0,2.0,6.0,6.0,0.0,0.0,3.0,3.0,0.0,0.0,0.0,0.0,18.0,15.0,0.0,1.0,9.0,48.0,0,,21077.0,0.0,0.0
274,44.0,5.0,第2节,第2节,7.5,0.83,-7.5,0.83,137.5,0.83,137.5,0.83,137.5,2.0,,,1.0,2.0,6.0,6.0,0.0,0.0,3.0,3.0,0.0,0.0,0.0,0.0,18.0,15.0,0.0,1.0,9.0,45.0,0,,21077.0,0.0,0.0
275,44.0,5.0,第2节,第2节,7.5,0.83,-7.5,0.83,137.5,0.83,137.5,0.83,137.5,2.0,,,1.0,2.0,6.0,6.0,0.0,0.0,3.0,3.0,0.0,0.0,0.0,0.0,17.0,15.0,0.0,1.0,9.0,45.0,0,,11077.0,0.0,0.0
276,44.0,5.0,第2节,第2节,7.5,0.83,-7.5,0.83,137.5,0.83,137.5,0.83,137.5,2.0,,,1.0,2.0,7.0,6.0,0.0,0.0,3.0,3.0,0.0,0.0,0.0,0.0,17.0,15.0,0.0,1.0,9.0,45.0,0,,11074.0,0.0,0.0
277,44.0,5.0,第2节,第2节,7.5,0.83,-7.5,0.83,137.5,0.83,137.5,0.83,137.5,2.0,,,1.0,2.0,7.0,6.0,0.0,0.0,3.0,3.0,0.0,0.0,0.0,0.0,18.0,17.0,0.0,1.0,9.0,30.0,0,,21077.0,0.0,0.0
278,44.0,5.0,第2节,第2节,7.5,0.83,-8.5,0.83,137.5,0.83,137.5,0.83,-8.5,2.0,,,1.0,2.0,7.0,6.0,0.0,0.0,3.0,3.0,0.0,0.0,0.0,0.0,18.0,17.0,0.0,1.0,9.0,30.0,0,,21077.0,0.0,0.0
279,44.0,5.0,第2节,第2节,8.5,0.83,-8.5,0.83,137.5,0.83,138.5,0.83,8.5,2.0,,,1.0,2.0,7.0,6.0,0.0,0.0,3.0,3.0,0.0,0.0,0.0,0.0,18.0,17.0,0.0,1.0,9.0,30.0,0,,21077.0,0.0,0.0
280,44.0,5.0,第2节,第2节,8.5,0.83,-8.5,0.83,138.5,0.83,138.5,0.83,138.5,2.0,,,1.0,2.0,7.0,6.0,0.0,0.0,3.0,3.0,0.0,0.0,0.0,0.0,18.0,17.0,0.0,1.0,9.0,30.0,0,,21077.0,0.0,0.0
281,44.0,5.0,第2节,第2节,8.5,0.83,-8.5,0.83,138.5,0.83,138.5,0.83,138.5,2.0,,,1.0,2.0,7.0,6.0,0.0,0.0,3.0,3.0,0.0,0.0,0.0,0.0,18.0,17.0,0.0,1.0,9.0,28.0,0,,21077.0,0.0,0.0
282,44.0,5.0,第2节,第2节,8.5,0.8,-7.5,0.87,138.5,0.83,138.5,0.83,-7.5,2.0,,,1.0,2.0,7.0,6.0,0.0,0.0,3.0,3.0,0.0,0.0,0.0,0.0,18.0,17.0,0.0,1.0,9.0,28.0,0,,21077.0,0.0,0.0
283,44.0,5.0,第2节,第2节,7.5,0.8,-7.5,0.87,138.5,0.83,140.5,0.83,7.5,2.0,,,1.0,2.0,7.0,6.0,0.0,0.0,3.0,3.0,0.0,0.0,0.0,0.0,18.0,17.0,0.0,1.0,9.0,28.0,0,,21077.0,0.0,0.0
284,44.0,5.0,第2节,第2节,7.5,0.8,-7.5,0.87,140.5,0.83,140.5,0.83,140.5,2.0,,,1.0,2.0,7.0,6.0,0.0,0.0,3.0,3.0,0.0,0.0,0.0,0.0,18.0,17.0,0.0,1.0,9.0,28.0,0,,21077.0,0.0,0.0
285,44.0,5.0,第2节,第2节,7.5,0.8,-7.5,0.87,140.5,0.83,140.5,0.83,140.5,2.0,,,1.0,2.0,7.0,6.0,0.0,0.0,3.0,3.0,0.0,0.0,0.0,0.0,18.0,17.0,0.0,1.0,9.0,14.0,0,,21077.0,0.0,0.0
286,44.0,5.0,第2节,第2节,7.5,0.8,-7.5,0.87,140.5,0.83,140.5,0.83,140.5,2.0,,,1.0,2.0,7.0,7.0,0.0,0.0,3.0,3.0,0.0,0.0,0.0,0.0,18.0,20.0,0.0,1.0,9.0,14.0,0,,21074.0,0.0,0.0
287,44.0,5.0,第2节,第2节,7.5,0.8,-7.5,0.87,140.5,0.83,140.5,0.83,140.5,2.0,,,1.0,2.0,7.0,7.0,0.0,0.0,3.0,3.0,0.0,0.0,0.0,0.0,20.0,17.0,0.0,1.0,9.0,14.0,0,,11077.0,0.0,0.0
288,44.0,5.0,第2节,第2节,7.5,0.8,-7.5,0.87,140.5,0.83,140.5,0.83,140.5,2.0,,,1.0,2.0,7.0,7.0,0.0,0.0,3.0,3.0,0.0,0.0,0.0,0.0,20.0,17.0,0.0,1.0,9.0,12.0,0,,11077.0,0.0,0.0
289,44.0,5.0,第2节,第2节,7.5,0.8,-7.5,0.87,140.5,0.83,140.5,0.83,140.5,2.0,,,1.0,2.0,7.0,7.0,0.0,0.0,3.0,3.0,0.0,0.0,0.0,0.0,20.0,17.0,0.0,1.0,9.0,12.0,0,,11077.0,0.0,0.0
290,44.0,5.0,第2节,第2节,7.5,0.8,-7.5,0.87,140.5,0.83,140.5,0.83,140.5,2.0,,,1.0,2.0,7.0,7.0,0.0,0.0,3.0,3.0,0.0,0.0,0.0,0.0,20.0,17.0,0.0,1.0,9.0,11.0,0,,11077.0,0.0,0.0
291,44.0,5.0,第2节,第2节,7.5,0.8,-7.5,0.87,140.5,0.83,140.5,0.83,140.5,2.0,,,1.0,2.0,7.0,7.0,0.0,0.0,3.0,3.0,0.0,0.0,0.0,0.0,20.0,17.0,0.0,1.0,9.0,11.0,0,,11077.0,0.0,0.0
292,44.0,5.0,第2节,第2节,7.5,0.8,-7.5,0.87,140.5,0.83,140.5,0.83,140.5,2.0,,,1.0,2.0,7.0,7.0,0.0,0.0,3.0,3.0,0.0,0.0,0.0,0.0,20.0,17.0,0.0,1.0,9.0,3.0,0,,11077.0,0.0,0.0
293,44.0,5.0,第2节,第2节,7.5,0.87,-6.5,0.8,140.5,0.83,140.5,0.83,-6.5,2.0,,,1.0,2.0,7.0,7.0,0.0,0.0,3.0,3.0,0.0,0.0,0.0,0.0,20.0,17.0,0.0,1.0,9.0,3.0,0,,11077.0,0.0,0.0
294,44.0,5.0,第2节,第2节,6.5,0.87,-6.5,0.8,140.5,0.83,139.5,0.83,6.5,2.0,,,1.0,2.0,7.0,7.0,0.0,0.0,3.0,3.0,0.0,0.0,0.0,0.0,20.0,17.0,0.0,1.0,9.0,3.0,0,,11077.0,0.0,0.0
295,44.0,5.0,第2节,第2节,6.5,0.87,-6.5,0.8,139.5,0.83,139.5,0.83,139.5,2.0,,,1.0,2.0,7.0,7.0,0.0,0.0,3.0,3.0,0.0,0.0,0.0,0.0,20.0,17.0,0.0,1.0,9.0,3.0,0,,11077.0,0.0,0.0
296,44.0,5.0,第2节,第2节,6.5,0.87,-6.5,0.8,139.5,0.83,139.5,0.83,139.5,2.0,,,1.0,2.0,7.0,7.0,0.0,0.0,3.0,3.0,0.0,0.0,0.0,0.0,20.0,17.0,0.0,1.0,9.0,0.0,0,,21077.0,0.0,0.0
297,44.0,5.0,第2节,第2节,6.5,0.87,-6.5,0.8,139.5,0.83,139.5,0.83,139.5,2.0,,,1.0,2.0,7.0,7.0,0.0,0.0,3.0,3.0,0.0,0.0,0.0,0.0,20.0,17.0,0.0,1.0,9.0,0.0,0,,21077.0,0.0,0.0
298,44.0,5.0,第2节,第2节,6.5,0.87,-6.5,0.8,139.5,0.83,139.5,0.83,139.5,2.0,,,1.0,2.0,7.0,7.0,0.0,0.0,3.0,3.0,0.0,0.0,0.0,0.0,20.0,17.0,0.0,1.0,9.0,1.0,0,,21077.0,0.0,0.0
299,44.0,5.0,第2节,第2节,6.5,0.8,-7.5,0.87,139.5,0.83,139.5,0.83,-7.5,2.0,,,1.0,2.0,7.0,7.0,0.0,0.0,3.0,3.0,0.0,0.0,0.0,0.0,20.0,17.0,0.0,1.0,9.0,1.0,0,,11077.0,0.0,0.0
300,44.0,5.0,第2节,第2节,7.5,0.8,-7.5,0.87,139.5,0.83,138.5,0.83,7.5,2.0,,,1.0,2.0,7.0,7.0,0.0,0.0,3.0,3.0,0.0,0.0,0.0,0.0,20.0,17.0,0.0,1.0,9.0,1.0,0,,11077.0,0.0,0.0
301,44.0,5.0,第2节,第2节,7.5,0.8,-7.5,0.87,138.5,0.83,138.5,0.83,138.5,2.0,,,1.0,2.0,7.0,7.0,0.0,0.0,3.0,3.0,0.0,0.0,0.0,0.0,20.0,17.0,0.0,1.0,9.0,1.0,0,,11077.0,0.0,0.0
302,44.0,5.0,第2节,第2节,7.5,0.8,-7.5,0.87,138.5,0.83,138.5,0.83,138.5,2.0,,,1.0,2.0,7.0,7.0,0.0,0.0,3.0,3.0,0.0,0.0,0.0,0.0,20.0,17.0,0.0,1.0,8.0,43.0,0,,11077.0,0.0,0.0
303,44.0,5.0,第2节,第2节,7.5,0.8,-7.5,0.87,138.5,0.83,138.5,0.83,138.5,2.0,,,1.0,2.0,7.0,7.0,0.0,0.0,3.0,3.0,0.0,0.0,0.0,0.0,20.0,17.0,0.0,1.0,8.0,43.0,0,,11077.0,0.0,0.0
304,44.0,5.0,第2节,第2节,7.5,0.8,-7.5,0.87,138.5,0.83,138.5,0.83,138.5,2.0,,,1.0,2.0,7.0,7.0,0.0,0.0,3.0,3.0,0.0,0.0,0.0,0.0,20.0,17.0,0.0,1.0,8.0,37.0,0,,11077.0,0.0,0.0
305,44.0,5.0,第2节,第2节,7.5,0.83,-6.5,0.83,138.5,0.83,138.5,0.83,-6.5,2.0,,,1.0,2.0,7.0,7.0,0.0,0.0,3.0,3.0,0.0,0.0,0.0,0.0,20.0,17.0,0.0,1.0,8.0,37.0,0,,11077.0,0.0,0.0
306,44.0,5.0,第2节,第2节,6.5,0.83,-6.5,0.83,138.5,0.83,137.5,0.83,6.5,2.0,,,1.0,2.0,7.0,7.0,0.0,0.0,3.0,3.0,0.0,0.0,0.0,0.0,20.0,17.0,0.0,1.0,8.0,37.0,0,,11077.0,0.0,0.0
307,44.0,5.0,第2节,第2节,6.5,0.83,-6.5,0.83,137.5,0.83,137.5,0.83,137.5,2.0,,,1.0,2.0,7.0,7.0,0.0,0.0,3.0,3.0,0.0,0.0,0.0,0.0,20.0,17.0,0.0,1.0,8.0,37.0,0,,11077.0,0.0,0.0
308,44.0,5.0,第2节,第2节,6.5,0.83,-6.5,0.83,137.5,0.83,137.5,0.83,137.5,2.0,,,1.0,2.0,7.0,7.0,0.0,0.0,3.0,3.0,0.0,0.0,0.0,0.0,20.0,17.0,0.0,1.0,8.0,10.0,0,,21077.0,0.0,0.0
309,44.0,5.0,第2节,第2节,6.5,0.83,-6.5,0.83,137.5,0.83,137.5,0.83,137.5,2.0,,,1.0,2.0,7.0,7.0,0.0,0.0,3.0,3.0,0.0,0.0,0.0,0.0,20.0,17.0,0.0,1.0,8.0,10.0,0,,21077.0,0.0,0.0
310,44.0,5.0,第2节,第2节,6.5,0.83,-6.5,0.83,137.5,0.83,137.5,0.83,137.5,2.0,,,1.0,2.0,7.0,7.0,0.0,0.0,3.0,3.0,0.0,0.0,0.0,0.0,20.0,17.0,0.0,1.0,8.0,11.0,0,,21077.0,0.0,0.0
311,44.0,5.0,第2节,第2节,6.5,0.83,-6.5,0.83,136.5,0.83,136.5,0.83,136.5,2.0,,,1.0,2.0,7.0,7.0,0.0,0.0,3.0,3.0,0.0,0.0,0.0,0.0,20.0,17.0,0.0,1.0,8.0,11.0,0,,21077.0,0.0,0.0
312,44.0,5.0,第2节,第2节,6.5,0.83,-6.5,0.83,136.5,0.83,136.5,0.83,136.5,2.0,,,1.0,2.0,7.0,7.0,0.0,0.0,3.0,3.0,0.0,0.0,0.0,0.0,20.0,17.0,0.0,1.0,8.0,4.0,0,,11077.0,0.0,0.0
313,44.0,5.0,第2节,第2节,6.5,0.87,-6.5,0.8,135.5,0.83,135.5,0.83,135.5,2.0,,,1.0,2.0,7.0,7.0,0.0,0.0,3.0,3.0,0.0,0.0,0.0,0.0,20.0,17.0,0.0,1.0,8.0,4.0,0,,11077.0,0.0,0.0
314,44.0,5.0,第2节,第2节,6.5,0.87,-6.5,0.8,135.5,0.83,135.5,0.83,135.5,2.0,,,1.0,2.0,8.0,7.0,0.0,0.0,3.0,3.0,0.0,0.0,0.0,0.0,19.0,17.0,0.0,1.0,8.0,4.0,0,,11074.0,0.0,0.0
315,44.0,5.0,第2节,第2节,6.5,0.87,-6.5,0.8,135.5,0.83,135.5,0.83,135.5,2.0,,,1.0,2.0,8.0,7.0,0.0,0.0,3.0,3.0,0.0,0.0,0.0,0.0,20.0,19.0,0.0,1.0,7.0,58.0,0,,21077.0,0.0,0.0
316,44.0,5.0,第2节,第2节,6.5,0.8,-8.5,0.87,135.5,0.83,135.5,0.83,-8.5,2.0,,,1.0,2.0,8.0,7.0,0.0,0.0,3.0,3.0,0.0,0.0,0.0,0.0,20.0,19.0,0.0,1.0,7.0,58.0,0,,21077.0,0.0,0.0
317,44.0,5.0,第2节,第2节,8.5,0.8,-8.5,0.87,135.5,0.83,137.5,0.83,8.5,2.0,,,1.0,2.0,8.0,7.0,0.0,0.0,3.0,3.0,0.0,0.0,0.0,0.0,20.0,19.0,0.0,1.0,7.0,58.0,0,,21077.0,0.0,0.0
318,44.0,5.0,第2节,第2节,8.5,0.8,-8.5,0.87,137.5,0.83,137.5,0.83,137.5,2.0,,,1.0,2.0,8.0,7.0,0.0,0.0,3.0,3.0,0.0,0.0,0.0,0.0,20.0,19.0,0.0,1.0,7.0,58.0,0,,21077.0,0.0,0.0
319,44.0,5.0,第2节,第2节,8.5,0.8,-8.5,0.87,137.5,0.83,137.5,0.83,137.5,2.0,,,1.0,2.0,8.0,7.0,0.0,0.0,3.0,3.0,0.0,0.0,0.0,0.0,20.0,19.0,0.0,1.0,7.0,56.0,0,,21077.0,0.0,0.0
320,44.0,5.0,第2节,第2节,8.5,0.83,-8.5,0.83,135.5,0.83,135.5,0.83,135.5,2.0,,,1.0,2.0,8.0,7.0,0.0,0.0,3.0,3.0,0.0,0.0,0.0,0.0,20.0,19.0,0.0,1.0,7.0,56.0,0,,21077.0,0.0,0.0
321,44.0,5.0,第2节,第2节,8.5,0.83,-8.5,0.83,135.5,0.83,135.5,0.83,135.5,2.0,,,1.0,2.0,8.0,7.0,0.0,0.0,3.0,3.0,0.0,0.0,0.0,0.0,20.0,19.0,0.0,1.0,7.0,30.0,0,,11077.0,0.0,0.0
322,44.0,5.0,第2节,第2节,8.5,0.83,-8.5,0.83,135.5,0.83,135.5,0.83,135.5,2.0,,,1.0,2.0,8.0,7.0,0.0,0.0,3.0,3.0,0.0,0.0,0.0,0.0,20.0,19.0,0.0,1.0,7.0,30.0,0,,11077.0,0.0,0.0
323,44.0,5.0,第2节,第2节,8.5,0.83,-8.5,0.83,135.5,0.83,135.5,0.83,135.5,2.0,,,1.0,2.0,8.0,7.0,0.0,0.0,3.0,3.0,0.0,0.0,0.0,0.0,20.0,19.0,0.0,1.0,7.0,28.0,0,,11077.0,0.0,0.0
324,44.0,5.0,第2节,第2节,8.5,0.83,-8.5,0.83,135.5,0.83,135.5,0.83,135.5,2.0,,,1.0,2.0,8.0,7.0,0.0,0.0,3.0,3.0,0.0,1.0,0.0,0.0,20.0,19.0,0.0,1.0,7.0,28.0,0,,21086.0,0.0,0.0
325,44.0,5.0,第2节,第2节,8.5,0.83,-8.5,0.83,135.5,0.83,135.5,0.83,135.5,2.0,,,1.0,2.0,8.0,7.0,0.0,0.0,3.0,3.0,0.0,1.0,0.0,0.0,20.0,19.0,0.0,1.0,7.0,28.0,0,,11077.0,0.0,0.0
326,44.0,5.0,第2节,第2节,8.5,0.83,-7.5,0.83,135.5,0.83,135.5,0.83,-7.5,2.0,,,1.0,2.0,8.0,7.0,0.0,0.0,3.0,3.0,0.0,1.0,0.0,0.0,20.0,19.0,0.0,1.0,7.0,28.0,0,,21077.0,0.0,0.0
327,44.0,5.0,第2节,第2节,7.5,0.83,-7.5,0.83,135.5,0.83,134.5,0.83,7.5,2.0,,,1.0,2.0,8.0,7.0,0.0,0.0,3.0,3.0,0.0,1.0,0.0,0.0,20.0,19.0,0.0,1.0,7.0,28.0,0,,21077.0,0.0,0.0
328,44.0,5.0,第2节,第2节,7.5,0.83,-7.5,0.83,134.5,0.83,134.5,0.83,134.5,2.0,,,1.0,2.0,8.0,7.0,0.0,0.0,3.0,3.0,0.0,1.0,0.0,0.0,20.0,19.0,0.0,1.0,7.0,28.0,0,,21077.0,0.0,0.0
329,44.0,5.0,第2节,第2节,7.5,0.83,-7.5,0.83,134.5,0.83,134.5,0.83,134.5,2.0,,,1.0,2.0,8.0,7.0,0.0,0.0,3.0,3.0,0.0,1.0,0.0,0.0,20.0,19.0,0.0,1.0,7.0,10.0,0,,21077.0,0.0,0.0
330,44.0,5.0,第2节,第2节,7.5,0.83,-7.5,0.83,134.5,0.83,134.5,0.83,134.5,2.0,,,1.0,2.0,8.0,7.0,0.0,0.0,3.0,3.0,0.0,1.0,0.0,0.0,20.0,19.0,0.0,1.0,6.0,10.0,0,,11077.0,0.0,0.0
331,44.0,5.0,第2节,第2节,7.5,0.83,-7.5,0.83,134.5,0.83,134.5,0.83,134.5,2.0,,,1.0,2.0,8.0,7.0,0.0,0.0,3.0,3.0,0.0,1.0,0.0,0.0,20.0,19.0,0.0,1.0,6.0,50.0,0,,11077.0,0.0,0.0
332,44.0,5.0,第2节,第2节,7.5,0.8,-8.5,0.87,134.5,0.83,134.5,0.83,-8.5,2.0,,,1.0,2.0,8.0,7.0,0.0,0.0,3.0,3.0,0.0,1.0,0.0,0.0,20.0,19.0,0.0,1.0,6.0,50.0,0,,11077.0,0.0,0.0
333,44.0,5.0,第2节,第2节,8.5,0.8,-8.5,0.87,134.5,0.83,133.5,0.83,8.5,2.0,,,1.0,2.0,8.0,7.0,0.0,0.0,3.0,3.0,0.0,1.0,0.0,0.0,20.0,19.0,0.0,1.0,6.0,50.0,0,,11077.0,0.0,0.0
334,44.0,5.0,第2节,第2节,8.5,0.8,-8.5,0.87,133.5,0.83,133.5,0.83,133.5,2.0,,,1.0,2.0,8.0,7.0,0.0,0.0,3.0,3.0,0.0,1.0,0.0,0.0,20.0,19.0,0.0,1.0,6.0,50.0,0,,11077.0,0.0,0.0
335,44.0,5.0,第2节,第2节,8.5,0.8,-8.5,0.83,133.5,0.83,133.5,0.83,133.5,2.0,,,1.0,2.0,8.0,7.0,0.0,0.0,3.0,3.0,0.0,1.0,0.0,0.0,20.0,19.0,0.0,1.0,6.0,50.0,0,,21077.0,0.0,0.0
336,44.0,5.0,第2节,第2节,8.5,0.83,-7.5,0.83,133.5,0.83,133.5,0.83,-7.5,2.0,,,1.0,2.0,8.0,7.0,0.0,0.0,3.0,3.0,0.0,1.0,0.0,0.0,20.0,19.0,0.0,1.0,6.0,50.0,0,,21077.0,0.0,0.0
337,44.0,5.0,第2节,第2节,7.5,0.83,-7.5,0.83,133.5,0.83,132.5,0.83,7.5,2.0,,,1.0,2.0,8.0,7.0,0.0,0.0,3.0,3.0,0.0,1.0,0.0,0.0,20.0,19.0,0.0,1.0,6.0,50.0,0,,21077.0,0.0,0.0
338,44.0,5.0,第2节,第2节,7.5,0.83,-7.5,0.83,132.5,0.83,132.5,0.83,132.5,2.0,,,1.0,2.0,8.0,7.0,0.0,0.0,3.0,3.0,0.0,1.0,0.0,0.0,20.0,19.0,0.0,1.0,6.0,50.0,0,,21077.0,0.0,0.0
339,44.0,5.0,第2节,第2节,7.5,0.83,-7.5,0.83,132.5,0.83,132.5,0.83,132.5,2.0,,,1.0,2.0,8.0,7.0,0.0,0.0,3.0,3.0,0.0,1.0,0.0,0.0,20.0,19.0,0.0,1.0,6.0,40.0,0,,21077.0,0.0,0.0
340,44.0,5.0,第2节,第2节,7.5,0.83,-7.5,0.83,132.5,0.83,132.5,0.83,132.5,2.0,,,1.0,2.0,8.0,7.0,0.0,0.0,3.0,3.0,0.0,1.0,0.0,0.0,20.0,19.0,0.0,1.0,6.0,40.0,0,,21077.0,0.0,0.0
341,44.0,5.0,第2节,第2节,7.5,0.83,-7.5,0.83,132.5,0.83,132.5,0.83,132.5,2.0,,,1.0,2.0,8.0,7.0,0.0,0.0,3.0,3.0,0.0,1.0,0.0,0.0,20.0,19.0,0.0,1.0,6.0,32.0,0,,21077.0,0.0,0.0
342,44.0,5.0,第2节,第2节,7.5,0.8,-8.5,0.87,132.5,0.83,132.5,0.83,-8.5,2.0,,,1.0,2.0,8.0,7.0,0.0,0.0,3.0,3.0,0.0,1.0,0.0,0.0,20.0,19.0,0.0,1.0,6.0,32.0,0,,11077.0,0.0,0.0
343,44.0,5.0,第2节,第2节,8.5,0.8,-8.5,0.87,132.5,0.83,131.5,0.83,8.5,2.0,,,1.0,2.0,8.0,7.0,0.0,0.0,3.0,3.0,0.0,1.0,0.0,0.0,20.0,19.0,0.0,1.0,6.0,32.0,0,,11077.0,0.0,0.0
344,44.0,5.0,第2节,第2节,8.5,0.8,-8.5,0.87,131.5,0.83,131.5,0.83,131.5,2.0,,,1.0,2.0,8.0,7.0,0.0,0.0,3.0,3.0,0.0,1.0,0.0,0.0,20.0,19.0,0.0,1.0,6.0,32.0,0,,11077.0,0.0,0.0
345,44.0,5.0,第2节,第2节,8.5,0.8,-8.5,0.87,131.5,0.83,131.5,0.83,131.5,2.0,,,1.0,2.0,8.0,7.0,0.0,0.0,3.0,3.0,0.0,1.0,0.0,0.0,20.0,19.0,0.0,1.0,6.0,15.0,0,,11077.0,0.0,0.0
346,44.0,5.0,第2节,第2节,8.5,0.8,-8.5,0.87,131.5,0.83,131.5,0.83,131.5,2.0,,,1.0,2.0,9.0,7.0,0.0,0.0,3.0,3.0,0.0,1.0,0.0,0.0,21.0,19.0,0.0,1.0,6.0,15.0,0,,11074.0,0.0,0.0
347,44.0,5.0,第2节,第2节,8.5,0.8,-8.5,0.87,131.5,0.83,131.5,0.83,131.5,2.0,,,1.0,2.0,9.0,7.0,0.0,0.0,3.0,3.0,0.0,1.0,0.0,0.0,20.0,21.0,0.0,1.0,6.0,15.0,0,,21077.0,0.0,0.0
348,44.0,5.0,第2节,第2节,8.5,0.8,-9.5,0.87,131.5,0.83,131.5,0.83,-9.5,2.0,,,1.0,2.0,9.0,7.0,0.0,0.0,3.0,3.0,0.0,1.0,0.0,0.0,20.0,21.0,0.0,1.0,6.0,15.0,0,,21077.0,0.0,0.0
349,44.0,5.0,第2节,第2节,9.5,0.8,-9.5,0.87,131.5,0.83,133.5,0.83,9.5,2.0,,,1.0,2.0,9.0,7.0,0.0,0.0,3.0,3.0,0.0,1.0,0.0,0.0,20.0,21.0,0.0,1.0,6.0,15.0,0,,21077.0,0.0,0.0
350,44.0,5.0,第2节,第2节,9.5,0.8,-9.5,0.87,133.5,0.83,133.5,0.83,133.5,2.0,,,1.0,2.0,9.0,7.0,0.0,0.0,3.0,3.0,0.0,1.0,0.0,0.0,20.0,21.0,0.0,1.0,6.0,15.0,0,,21077.0,0.0,0.0
351,44.0,5.0,第2节,第2节,9.5,0.8,-9.5,0.87,133.5,0.83,133.5,0.83,133.5,2.0,,,1.0,2.0,9.0,7.0,0.0,0.0,3.0,3.0,0.0,1.0,0.0,0.0,20.0,21.0,0.0,1.0,6.0,13.0,0,,21077.0,0.0,0.0
352,44.0,5.0,第2节,第2节,9.5,0.8,-9.5,0.87,133.5,0.83,133.5,0.83,133.5,2.0,,,1.0,2.0,9.0,7.0,0.0,0.0,3.0,3.0,0.0,1.0,0.0,0.0,20.0,21.0,0.0,1.0,5.0,13.0,0,,21077.0,0.0,0.0
353,44.0,5.0,第2节,第2节,9.5,0.8,-9.5,0.87,133.5,0.83,133.5,0.83,133.5,2.0,,,1.0,2.0,9.0,7.0,0.0,0.0,3.0,3.0,0.0,1.0,0.0,0.0,20.0,21.0,0.0,1.0,5.0,57.0,0,,21077.0,0.0,0.0
354,44.0,5.0,第2节,第2节,9.5,0.8,-9.5,0.87,133.5,0.83,133.5,0.83,133.5,2.0,,,1.0,2.0,9.0,7.0,0.0,0.0,3.0,3.0,1.0,1.0,0.0,0.0,20.0,21.0,0.0,1.0,5.0,57.0,0,,11086.0,0.0,0.0
355,44.0,5.0,第2节,第2节,9.5,0.87,-8.5,0.8,133.5,0.83,133.5,0.83,-8.5,2.0,,,1.0,2.0,9.0,7.0,0.0,0.0,3.0,3.0,1.0,1.0,0.0,0.0,20.0,21.0,0.0,1.0,5.0,57.0,0,,21077.0,0.0,0.0
356,44.0,5.0,第2节,第2节,8.5,0.87,-8.5,0.8,133.5,0.83,131.5,0.83,8.5,2.0,,,1.0,2.0,9.0,7.0,0.0,0.0,3.0,3.0,1.0,1.0,0.0,0.0,20.0,21.0,0.0,1.0,5.0,57.0,0,,21077.0,0.0,0.0
357,44.0,5.0,第2节,第2节,8.5,0.87,-8.5,0.8,131.5,0.83,131.5,0.83,131.5,2.0,,,1.0,2.0,9.0,7.0,0.0,0.0,3.0,3.0,1.0,1.0,0.0,0.0,20.0,21.0,0.0,1.0,5.0,57.0,0,,21077.0,0.0,0.0
358,44.0,5.0,第2节,第2节,8.5,0.87,-8.5,0.8,131.5,0.83,131.5,0.83,131.5,2.0,,,1.0,2.0,9.0,8.0,0.0,0.0,3.0,3.0,1.0,1.0,0.0,0.0,20.0,22.0,0.0,1.0,5.0,57.0,0,,21074.0,0.0,0.0
359,44.0,5.0,第2节,第2节,8.5,0.87,-8.5,0.8,131.5,0.83,131.5,0.83,131.5,2.0,,,1.0,2.0,9.0,8.0,0.0,0.0,3.0,3.0,1.0,1.0,0.0,0.0,22.0,21.0,0.0,1.0,5.0,57.0,0,,11077.0,0.0,0.0
360,44.0,5.0,第2节,第2节,8.5,0.87,-7.5,0.8,131.5,0.83,131.5,0.83,-7.5,2.0,,,1.0,2.0,9.0,8.0,0.0,0.0,3.0,3.0,1.0,1.0,0.0,0.0,22.0,21.0,0.0,1.0,5.0,57.0,0,,11077.0,0.0,0.0
361,44.0,5.0,第2节,第2节,7.5,0.87,-7.5,0.8,131.5,0.83,133.5,0.83,7.5,2.0,,,1.0,2.0,9.0,8.0,0.0,0.0,3.0,3.0,1.0,1.0,0.0,0.0,22.0,21.0,0.0,1.0,5.0,57.0,0,,11077.0,0.0,0.0
362,44.0,5.0,第2节,第2节,7.5,0.87,-7.5,0.8,133.5,0.83,133.5,0.83,133.5,2.0,,,1.0,2.0,9.0,8.0,0.0,0.0,3.0,3.0,1.0,1.0,0.0,0.0,22.0,21.0,0.0,1.0,5.0,57.0,0,,11077.0,0.0,0.0
363,44.0,5.0,第2节,第2节,7.5,0.87,-7.5,0.8,133.5,0.83,133.5,0.83,133.5,2.0,,,1.0,2.0,9.0,8.0,0.0,0.0,3.0,3.0,1.0,1.0,0.0,0.0,22.0,21.0,0.0,1.0,5.0,48.0,0,,11077.0,0.0,0.0
364,44.0,5.0,第2节,第2节,7.5,0.87,-7.5,0.8,133.5,0.83,133.5,0.83,133.5,2.0,,,1.0,2.0,9.0,8.0,0.0,0.0,3.0,3.0,1.0,1.0,0.0,0.0,22.0,21.0,0.0,1.0,5.0,48.0,0,,11077.0,0.0,0.0
365,44.0,5.0,第2节,第2节,7.5,0.87,-7.5,0.8,133.5,0.83,133.5,0.83,133.5,2.0,,,1.0,2.0,9.0,8.0,0.0,0.0,3.0,3.0,1.0,1.0,0.0,0.0,22.0,21.0,0.0,1.0,5.0,47.0,0,,11077.0,0.0,0.0
366,44.0,5.0,第2节,第2节,7.5,0.83,-7.5,0.83,133.5,0.83,133.5,0.83,133.5,2.0,,,1.0,2.0,9.0,8.0,0.0,0.0,3.0,3.0,1.0,1.0,0.0,0.0,22.0,21.0,0.0,1.0,5.0,47.0,0,,21077.0,0.0,0.0
367,44.0,5.0,第2节,第2节,7.5,0.83,-7.5,0.83,133.5,0.83,133.5,0.83,133.5,2.0,,,1.0,2.0,9.0,8.0,0.0,0.0,3.0,3.0,1.0,1.0,0.0,0.0,22.0,21.0,0.0,1.0,5.0,36.0,0,,21077.0,0.0,0.0
368,44.0,5.0,第2节,第2节,7.5,0.8,-7.5,0.87,133.5,0.83,133.5,0.83,133.5,2.0,,,1.0,2.0,9.0,8.0,0.0,0.0,3.0,3.0,1.0,1.0,0.0,0.0,22.0,21.0,0.0,1.0,5.0,36.0,0,,21077.0,0.0,0.0
369,44.0,5.0,第2节,第2节,7.5,0.8,-7.5,0.87,133.5,0.83,133.5,0.83,133.5,2.0,,,1.0,2.0,9.0,8.0,0.0,0.0,3.0,3.0,1.0,1.0,0.0,0.0,22.0,21.0,0.0,1.0,5.0,25.0,0,,21077.0,0.0,0.0
370,44.0,5.0,第2节,第2节,7.5,0.83,-7.5,0.83,132.5,0.83,132.5,0.83,132.5,2.0,,,1.0,2.0,9.0,8.0,0.0,0.0,3.0,3.0,1.0,1.0,0.0,0.0,22.0,21.0,0.0,1.0,5.0,25.0,0,,11077.0,0.0,0.0
371,44.0,5.0,第2节,第2节,7.5,0.83,-7.5,0.83,132.5,0.83,132.5,0.83,132.5,2.0,,,1.0,2.0,9.0,8.0,0.0,0.0,3.0,3.0,1.0,1.0,0.0,0.0,22.0,21.0,0.0,1.0,5.0,7.0,0,,21077.0,0.0,0.0
372,44.0,5.0,第2节,第2节,7.5,0.8,-7.5,0.87,131.5,0.83,131.5,0.83,131.5,2.0,,,1.0,2.0,9.0,8.0,0.0,0.0,3.0,3.0,1.0,1.0,0.0,0.0,22.0,21.0,0.0,1.0,5.0,7.0,0,,21077.0,0.0,0.0
373,44.0,5.0,第2节,第2节,7.5,0.83,-7.5,0.83,131.5,0.83,129.5,0.83,131.5,2.0,,,1.0,2.0,9.0,8.0,0.0,0.0,3.0,3.0,1.0,1.0,0.0,0.0,22.0,21.0,0.0,1.0,5.0,7.0,0,,11077.0,0.0,0.0
374,44.0,5.0,第2节,第2节,7.5,0.83,-7.5,0.83,129.5,0.83,129.5,0.83,129.5,2.0,,,1.0,2.0,9.0,8.0,0.0,0.0,3.0,3.0,1.0,1.0,0.0,0.0,22.0,21.0,0.0,1.0,5.0,7.0,0,,11077.0,0.0,0.0
375,44.0,5.0,第2节,第2节,7.5,0.83,-7.5,0.83,129.5,0.83,129.5,0.83,129.5,2.0,,,1.0,2.0,9.0,8.0,0.0,0.0,3.0,3.0,1.0,1.0,0.0,0.0,22.0,21.0,0.0,1.0,4.0,46.0,0,,11077.0,0.0,0.0
376,44.0,5.0,第2节,第2节,7.5,0.83,-7.5,0.83,129.5,0.83,129.5,0.83,129.5,2.0,,,1.0,2.0,10.0,8.0,0.0,0.0,3.0,3.0,1.0,1.0,0.0,0.0,23.0,21.0,0.0,1.0,4.0,46.0,0,,11074.0,0.0,0.0
377,44.0,5.0,第2节,第2节,7.5,0.83,-7.5,0.83,129.5,0.83,129.5,0.83,129.5,2.0,,,1.0,2.0,10.0,8.0,0.0,0.0,3.0,3.0,1.0,1.0,0.0,0.0,22.0,23.0,0.0,1.0,4.0,46.0,0,,21077.0,0.0,0.0
378,44.0,5.0,第2节,第2节,7.5,0.83,-7.5,0.83,129.5,0.83,129.5,0.83,129.5,2.0,,,1.0,2.0,10.0,8.0,0.0,0.0,3.0,3.0,1.0,1.0,0.0,0.0,22.0,23.0,0.0,1.0,4.0,42.0,0,,21077.0,0.0,0.0
379,44.0,5.0,第2节,第2节,7.5,0.83,-8.5,0.83,129.5,0.83,129.5,0.83,-8.5,2.0,,,1.0,2.0,10.0,8.0,0.0,0.0,3.0,3.0,1.0,1.0,0.0,0.0,22.0,23.0,0.0,1.0,4.0,42.0,0,,21077.0,0.0,0.0
380,44.0,5.0,第2节,第2节,8.5,0.83,-8.5,0.83,129.5,0.83,131.5,0.83,8.5,2.0,,,1.0,2.0,10.0,8.0,0.0,0.0,3.0,3.0,1.0,1.0,0.0,0.0,22.0,23.0,0.0,1.0,4.0,42.0,0,,21077.0,0.0,0.0
381,44.0,5.0,第2节,第2节,8.5,0.83,-8.5,0.83,131.5,0.83,131.5,0.83,131.5,2.0,,,1.0,2.0,10.0,8.0,0.0,0.0,3.0,3.0,1.0,1.0,0.0,0.0,22.0,23.0,0.0,1.0,4.0,42.0,0,,21077.0,0.0,0.0
382,44.0,5.0,第2节,第2节,8.5,0.83,-8.5,0.83,131.5,0.83,131.5,0.83,131.5,2.0,,,1.0,2.0,10.0,8.0,0.0,0.0,3.0,3.0,1.0,1.0,0.0,0.0,22.0,23.0,0.0,1.0,4.0,40.0,0,,21077.0,0.0,0.0
383,44.0,5.0,第2节,第2节,8.5,0.8,-9.5,0.87,131.5,0.83,131.5,0.83,-9.5,2.0,,,1.0,2.0,10.0,8.0,0.0,0.0,3.0,3.0,1.0,1.0,0.0,0.0,22.0,23.0,0.0,1.0,4.0,40.0,0,,11077.0,0.0,0.0
384,44.0,5.0,第2节,第2节,9.5,0.8,-9.5,0.87,131.5,0.83,131.5,0.83,9.5,2.0,,,1.0,2.0,10.0,8.0,0.0,0.0,3.0,3.0,1.0,1.0,0.0,0.0,22.0,23.0,0.0,1.0,4.0,31.0,0,,11077.0,0.0,0.0
385,44.0,5.0,第2节,第2节,9.5,0.8,-9.5,0.87,131.5,0.83,131.5,0.83,9.5,2.0,,,1.0,2.0,11.0,8.0,0.0,0.0,3.0,3.0,1.0,1.0,0.0,0.0,25.0,23.0,0.0,1.0,4.0,31.0,0,,11074.0,0.0,0.0
386,44.0,5.0,第2节,第2节,9.5,0.8,-9.5,0.87,131.5,0.83,131.5,0.83,9.5,2.0,,,1.0,2.0,11.0,8.0,0.0,0.0,3.0,3.0,1.0,1.0,0.0,0.0,22.0,25.0,0.0,1.0,4.0,31.0,0,,21077.0,0.0,0.0
387,44.0,5.0,第2节,第2节,9.5,0.83,-10.5,0.83,131.5,0.83,131.5,0.83,-10.5,2.0,,,1.0,2.0,11.0,8.0,0.0,0.0,3.0,3.0,1.0,1.0,0.0,0.0,22.0,25.0,0.0,1.0,4.0,31.0,0,,21077.0,0.0,0.0
388,44.0,5.0,第2节,第2节,10.5,0.83,-10.5,0.83,131.5,0.83,133.5,0.83,10.5,2.0,,,1.0,2.0,11.0,8.0,0.0,0.0,3.0,3.0,1.0,1.0,0.0,0.0,22.0,25.0,0.0,1.0,4.0,31.0,0,,21077.0,0.0,0.0
389,44.0,5.0,第2节,第2节,10.5,0.83,-10.5,0.83,133.5,0.83,133.5,0.83,133.5,2.0,,,1.0,2.0,11.0,8.0,0.0,0.0,3.0,3.0,1.0,1.0,0.0,0.0,22.0,25.0,0.0,1.0,4.0,31.0,0,,21077.0,0.0,0.0
390,44.0,5.0,第2节,第2节,10.5,0.83,-10.5,0.83,133.5,0.83,133.5,0.83,133.5,2.0,,,1.0,2.0,11.0,8.0,0.0,0.0,3.0,3.0,1.0,1.0,0.0,0.0,22.0,25.0,0.0,1.0,4.0,27.0,0,,21077.0,0.0,0.0
391,44.0,5.0,第2节,第2节,10.5,0.83,-10.5,0.83,133.5,0.83,133.5,0.83,133.5,2.0,,,1.0,2.0,11.0,8.0,0.0,0.0,3.0,3.0,1.0,1.0,0.0,0.0,22.0,25.0,0.0,1.0,4.0,27.0,0,,21077.0,0.0,0.0
392,44.0,5.0,第2节,第2节,10.5,0.83,-10.5,0.83,133.5,0.83,133.5,0.83,133.5,2.0,,,1.0,2.0,11.0,8.0,0.0,0.0,3.0,3.0,1.0,1.0,0.0,0.0,22.0,25.0,0.0,1.0,4.0,24.0,0,,21077.0,0.0,0.0
393,44.0,5.0,第2节,第2节,10.5,0.83,-10.5,0.83,133.5,0.83,133.5,0.83,133.5,2.0,,,1.0,2.0,11.0,8.0,0.0,0.0,3.0,3.0,1.0,1.0,0.0,0.0,22.0,25.0,0.0,1.0,4.0,24.0,0,,21077.0,0.0,0.0
394,44.0,5.0,第2节,第2节,10.5,0.83,-10.5,0.83,133.5,0.83,133.5,0.83,133.5,2.0,,,1.0,2.0,11.0,8.0,0.0,0.0,3.0,3.0,1.0,1.0,0.0,0.0,22.0,25.0,0.0,1.0,4.0,23.0,0,,21077.0,0.0,0.0
395,44.0,5.0,第2节,第2节,10.5,0.83,-10.5,0.83,133.5,0.83,133.5,0.83,133.5,2.0,,,1.0,2.0,11.0,8.0,0.0,0.0,3.0,2.0,1.0,1.0,0.0,0.0,22.0,25.0,0.0,1.0,4.0,23.0,0,,21081.0,0.0,0.0
396,44.0,5.0,第2节,第2节,10.5,0.83,-10.5,0.83,133.5,0.83,133.5,0.83,133.5,2.0,,,1.0,2.0,11.0,8.0,0.0,0.0,3.0,1.0,1.0,1.0,0.0,0.0,22.0,25.0,0.0,1.0,4.0,24.0,0,,21081.0,0.0,0.0
397,44.0,5.0,第2节,第2节,10.5,0.83,-10.5,0.83,133.5,0.83,133.5,0.83,133.5,2.0,,,1.0,2.0,11.0,8.0,0.0,0.0,3.0,1.0,1.0,1.0,0.0,0.0,22.0,25.0,0.0,1.0,4.0,24.0,0,,21081.0,0.0,0.0
398,44.0,5.0,第2节,第2节,10.5,0.83,-10.5,0.83,133.5,0.83,133.5,0.83,133.5,2.0,,,1.0,2.0,11.0,8.0,0.0,0.0,3.0,1.0,1.0,1.0,0.0,0.0,22.0,25.0,0.0,1.0,4.0,26.0,0,,21081.0,0.0,0.0
399,44.0,5.0,第2节,第2节,10.5,0.83,-10.5,0.83,133.5,0.83,133.5,0.83,133.5,2.0,,,1.0,2.0,11.0,8.0,0.0,0.0,3.0,1.0,1.0,1.0,0.0,0.0,22.0,24.0,0.0,1.0,4.0,26.0,0,,21077.0,0.0,0.0
400,44.0,5.0,第2节,第2节,10.5,0.83,-10.5,0.83,133.5,0.83,133.5,0.83,133.5,2.0,,,1.0,2.0,11.0,9.0,0.0,0.0,3.0,1.0,1.0,1.0,0.0,0.0,22.0,24.0,0.0,1.0,4.0,26.0,0,,21074.0,0.0,0.0
401,44.0,5.0,第2节,第2节,10.5,0.83,-10.5,0.83,133.5,0.83,133.5,0.83,133.5,2.0,,,1.0,2.0,11.0,9.0,0.0,0.0,3.0,1.0,1.0,1.0,0.0,0.0,24.0,25.0,0.0,1.0,4.0,26.0,0,,11077.0,0.0,0.0
402,44.0,5.0,第2节,第2节,10.5,0.83,-10.5,0.83,133.5,0.83,133.5,0.83,133.5,2.0,,,1.0,2.0,11.0,9.0,0.0,0.0,3.0,1.0,1.0,1.0,0.0,0.0,24.0,25.0,0.0,1.0,4.0,8.0,0,,11077.0,0.0,0.0
403,44.0,5.0,第2节,第2节,10.5,0.87,-8.5,0.8,133.5,0.83,133.5,0.83,-8.5,2.0,,,1.0,2.0,11.0,9.0,0.0,0.0,3.0,1.0,1.0,1.0,0.0,0.0,24.0,25.0,0.0,1.0,4.0,8.0,0,,11077.0,0.0,0.0
404,44.0,5.0,第2节,第2节,8.5,0.87,-8.5,0.8,133.5,0.83,134.5,0.83,8.5,2.0,,,1.0,2.0,11.0,9.0,0.0,0.0,3.0,1.0,1.0,1.0,0.0,0.0,24.0,25.0,0.0,1.0,4.0,8.0,0,,11077.0,0.0,0.0
405,44.0,5.0,第2节,第2节,8.5,0.87,-8.5,0.8,134.5,0.83,134.5,0.83,134.5,2.0,,,1.0,2.0,11.0,9.0,0.0,0.0,3.0,1.0,1.0,1.0,0.0,0.0,24.0,25.0,0.0,1.0,4.0,8.0,0,,11077.0,0.0,0.0
406,44.0,5.0,第2节,第2节,8.5,0.87,-8.5,0.8,134.5,0.83,134.5,0.83,134.5,2.0,,,1.0,2.0,11.0,9.0,0.0,0.0,3.0,1.0,1.0,1.0,0.0,0.0,24.0,25.0,0.0,1.0,4.0,7.0,0,,11077.0,0.0,0.0
407,44.0,5.0,第2节,第2节,8.5,0.87,-8.5,0.8,134.5,0.83,134.5,0.83,134.5,2.0,,,2.0,2.0,11.0,9.0,0.0,0.0,3.0,1.0,1.0,1.0,0.0,0.0,28.0,25.0,0.0,1.0,4.0,7.0,0,,11075.0,0.0,0.0
408,44.0,5.0,第2节,第2节,8.5,0.87,-10.5,0.8,134.5,0.83,134.5,0.83,-10.5,2.0,,,2.0,2.0,11.0,9.0,0.0,0.0,3.0,1.0,1.0,1.0,0.0,0.0,28.0,25.0,0.0,1.0,4.0,7.0,0,,21077.0,0.0,0.0
409,44.0,5.0,第2节,第2节,10.5,0.87,-10.5,0.8,134.5,0.83,136.5,0.83,10.5,2.0,,,2.0,2.0,11.0,9.0,0.0,0.0,3.0,1.0,1.0,1.0,0.0,0.0,28.0,25.0,0.0,1.0,4.0,7.0,0,,21077.0,0.0,0.0
410,44.0,5.0,第2节,第2节,10.5,0.87,-10.5,0.8,136.5,0.83,136.5,0.83,136.5,2.0,,,2.0,2.0,11.0,9.0,0.0,0.0,3.0,1.0,1.0,1.0,0.0,0.0,28.0,25.0,0.0,1.0,4.0,7.0,0,,21077.0,0.0,0.0
411,44.0,5.0,第2节,第2节,10.5,0.87,-10.5,0.8,136.5,0.83,136.5,0.83,136.5,2.0,,,2.0,2.0,11.0,9.0,0.0,0.0,3.0,1.0,1.0,1.0,0.0,0.0,24.0,28.0,0.0,1.0,4.0,45.0,0,,21077.0,0.0,0.0
412,44.0,5.0,第2节,第2节,10.5,0.87,-10.5,0.8,136.5,0.83,136.5,0.83,136.5,2.0,,,2.0,2.0,11.0,9.0,0.0,0.0,3.0,1.0,1.0,1.0,0.0,0.0,24.0,28.0,0.0,1.0,3.0,45.0,0,,21077.0,0.0,0.0
413,44.0,5.0,第2节,第2节,10.5,0.87,-10.5,0.8,136.5,0.83,136.5,0.83,136.5,2.0,,,2.0,2.0,11.0,9.0,0.0,0.0,3.0,1.0,1.0,1.0,0.0,0.0,24.0,28.0,0.0,1.0,3.0,43.0,0,,21077.0,0.0,0.0
414,44.0,5.0,第2节,第2节,10.5,0.87,-10.5,0.8,136.5,0.83,136.5,0.83,136.5,2.0,,,2.0,2.0,11.0,9.0,0.0,0.0,3.0,1.0,1.0,1.0,0.0,0.0,24.0,28.0,0.0,1.0,3.0,43.0,0,,21077.0,0.0,0.0
415,44.0,5.0,第2节,第2节,10.5,0.87,-10.5,0.8,136.5,0.83,136.5,0.83,136.5,2.0,,,2.0,2.0,11.0,9.0,0.0,0.0,3.0,1.0,1.0,1.0,0.0,0.0,24.0,28.0,0.0,1.0,3.0,35.0,0,,21077.0,0.0,0.0
416,44.0,5.0,第2节,第2节,10.5,0.83,-11.5,0.83,136.5,0.83,136.5,0.83,-11.5,2.0,,,2.0,2.0,11.0,9.0,0.0,0.0,3.0,1.0,1.0,1.0,0.0,0.0,24.0,28.0,0.0,1.0,3.0,35.0,0,,11077.0,0.0,0.0
417,44.0,5.0,第2节,第2节,11.5,0.83,-11.5,0.83,136.5,0.83,136.5,0.83,11.5,2.0,,,2.0,2.0,11.0,9.0,0.0,0.0,3.0,1.0,1.0,1.0,0.0,0.0,24.0,28.0,0.0,1.0,3.0,36.0,0,,11077.0,0.0,0.0
418,44.0,5.0,第2节,第2节,11.5,0.83,-11.5,0.83,136.5,0.83,136.5,0.83,11.5,2.0,,,2.0,2.0,11.0,9.0,0.0,0.0,3.0,1.0,1.0,1.0,0.0,0.0,24.0,28.0,0.0,1.0,3.0,36.0,0,,21077.0,0.0,0.0
419,44.0,5.0,第2节,第2节,11.5,0.83,-11.5,0.83,136.5,0.83,136.5,0.83,11.5,2.0,,,2.0,2.0,11.0,9.0,0.0,0.0,3.0,1.0,1.0,1.0,0.0,0.0,24.0,28.0,0.0,1.0,3.0,14.0,0,,21077.0,0.0,0.0
420,44.0,5.0,第2节,第2节,11.5,0.87,-10.5,0.8,136.5,0.83,136.5,0.83,-10.5,2.0,,,2.0,2.0,11.0,9.0,0.0,0.0,3.0,1.0,1.0,1.0,0.0,0.0,24.0,28.0,0.0,1.0,3.0,14.0,0,,21077.0,0.0,0.0
421,44.0,5.0,第2节,第2节,10.5,0.87,-10.5,0.8,136.5,0.83,134.5,0.83,10.5,2.0,,,2.0,2.0,11.0,9.0,0.0,0.0,3.0,1.0,1.0,1.0,0.0,0.0,24.0,28.0,0.0,1.0,3.0,14.0,0,,21077.0,0.0,0.0
422,44.0,5.0,第2节,第2节,10.5,0.87,-10.5,0.8,134.5,0.83,134.5,0.83,134.5,2.0,,,2.0,2.0,11.0,9.0,0.0,0.0,3.0,1.0,1.0,1.0,0.0,0.0,24.0,28.0,0.0,1.0,3.0,14.0,0,,21077.0,0.0,0.0
423,44.0,5.0,第2节,第2节,10.5,0.87,-10.5,0.8,134.5,0.83,134.5,0.83,134.5,2.0,,,2.0,2.0,11.0,9.0,0.0,0.0,3.0,1.0,1.0,1.0,0.0,0.0,24.0,28.0,0.0,1.0,3.0,2.0,0,,21077.0,0.0,0.0
424,44.0,5.0,第2节,第2节,10.5,0.87,-10.5,0.8,134.5,0.83,134.5,0.83,134.5,2.0,,,2.0,2.0,11.0,9.0,0.0,0.0,3.0,1.0,1.0,1.0,0.0,0.0,24.0,27.0,0.0,1.0,2.0,2.0,0,,21077.0,0.0,0.0
425,44.0,5.0,第2节,第2节,10.5,0.87,-10.5,0.8,134.5,0.83,134.5,0.83,134.5,2.0,,,2.0,2.0,11.0,9.0,0.0,0.0,3.0,1.0,1.0,1.0,0.0,0.0,24.0,27.0,0.0,1.0,2.0,51.0,0,,21077.0,0.0,0.0
426,44.0,5.0,第2节,第2节,10.5,0.87,-10.5,0.8,134.5,0.83,134.5,0.83,134.5,2.0,,,2.0,3.0,11.0,9.0,0.0,0.0,3.0,1.0,1.0,1.0,0.0,0.0,24.0,27.0,0.0,1.0,2.0,51.0,0,,21075.0,0.0,0.0
427,44.0,5.0,第2节,第2节,10.5,0.87,-10.5,0.8,134.5,0.83,134.5,0.83,134.5,2.0,,,2.0,3.0,11.0,9.0,0.0,0.0,3.0,1.0,1.0,1.0,0.0,0.0,27.0,28.0,0.0,1.0,2.0,51.0,0,,11077.0,0.0,0.0
428,44.0,5.0,第2节,第2节,10.5,0.83,-8.5,0.83,134.5,0.83,134.5,0.83,-8.5,2.0,,,2.0,3.0,11.0,9.0,0.0,0.0,3.0,1.0,1.0,1.0,0.0,0.0,27.0,28.0,0.0,1.0,2.0,51.0,0,,11077.0,0.0,0.0
429,44.0,5.0,第2节,第2节,8.5,0.83,-8.5,0.83,134.5,0.83,134.5,0.83,8.5,2.0,,,2.0,3.0,11.0,9.0,0.0,0.0,3.0,1.0,1.0,1.0,0.0,0.0,27.0,28.0,0.0,1.0,2.0,50.0,0,,11077.0,0.0,0.0
430,44.0,5.0,第2节,第2节,8.5,0.83,-8.5,0.83,134.5,0.83,134.5,0.83,8.5,2.0,,,2.0,3.0,11.0,9.0,0.0,0.0,3.0,1.0,1.0,1.0,0.0,0.0,27.0,28.0,0.0,1.0,2.0,50.0,0,,11077.0,0.0,0.0
431,44.0,5.0,第2节,第2节,8.5,0.83,-8.5,0.83,134.5,0.83,134.5,0.83,8.5,2.0,,,2.0,3.0,11.0,9.0,0.0,0.0,3.0,1.0,1.0,1.0,0.0,0.0,27.0,28.0,0.0,1.0,2.0,32.0,0,,11077.0,0.0,0.0
432,44.0,5.0,第2节,第2节,8.5,0.83,-8.5,0.83,134.5,0.83,134.5,0.83,8.5,2.0,,,2.0,3.0,11.0,9.0,0.0,0.0,3.0,1.0,1.0,1.0,0.0,0.0,27.0,28.0,0.0,1.0,2.0,32.0,0,,11077.0,0.0,0.0
433,44.0,5.0,第2节,第2节,8.5,0.83,-8.5,0.83,134.5,0.83,134.5,0.83,8.5,2.0,,,2.0,3.0,11.0,9.0,0.0,0.0,3.0,1.0,1.0,1.0,0.0,0.0,27.0,28.0,0.0,1.0,2.0,22.0,0,,11077.0,0.0,0.0
434,44.0,5.0,第2节,第2节,8.5,0.83,-8.5,0.83,134.5,0.83,134.5,0.83,8.5,2.0,,,2.0,3.0,11.0,9.0,0.0,0.0,3.0,1.0,1.0,1.0,0.0,0.0,27.0,28.0,0.0,1.0,2.0,22.0,0,,11077.0,0.0,0.0
435,44.0,5.0,第2节,第2节,8.5,0.83,-8.5,0.83,134.5,0.83,134.5,0.83,8.5,2.0,,,2.0,3.0,11.0,9.0,0.0,0.0,3.0,1.0,1.0,1.0,0.0,0.0,27.0,28.0,0.0,1.0,2.0,18.0,0,,11077.0,0.0,0.0
436,44.0,5.0,第2节,第2节,8.5,0.87,-7.5,0.8,134.5,0.83,134.5,0.83,-7.5,2.0,,,2.0,3.0,11.0,9.0,0.0,0.0,3.0,1.0,1.0,1.0,0.0,0.0,27.0,28.0,0.0,1.0,2.0,18.0,0,,21077.0,0.0,0.0
437,44.0,5.0,第2节,第2节,7.5,0.87,-7.5,0.8,134.5,0.83,134.5,0.83,7.5,2.0,,,2.0,3.0,11.0,9.0,0.0,0.0,3.0,1.0,1.0,1.0,0.0,0.0,27.0,28.0,0.0,1.0,2.0,10.0,0,,11077.0,0.0,0.0
438,44.0,5.0,第2节,第2节,7.5,0.83,-8.5,0.83,134.5,0.83,134.5,0.83,-8.5,2.0,,,2.0,3.0,11.0,9.0,0.0,0.0,3.0,1.0,1.0,1.0,0.0,0.0,27.0,28.0,0.0,1.0,2.0,10.0,0,,11077.0,0.0,0.0
439,44.0,5.0,第2节,第2节,8.5,0.83,-8.5,0.83,134.5,0.83,134.5,0.83,8.5,2.0,,,2.0,3.0,11.0,9.0,0.0,0.0,3.0,1.0,1.0,1.0,0.0,0.0,27.0,28.0,0.0,1.0,1.0,55.0,0,,11077.0,0.0,0.0
440,44.0,5.0,第2节,第2节,8.5,0.83,-8.5,0.83,134.5,0.83,134.5,0.83,8.5,2.0,,,2.0,3.0,11.0,9.0,0.0,0.0,3.0,1.0,1.0,2.0,0.0,0.0,27.0,28.0,0.0,1.0,1.0,55.0,0,,21086.0,0.0,0.0
441,44.0,5.0,第2节,第2节,8.5,0.83,-8.5,0.83,134.5,0.83,134.5,0.83,8.5,2.0,,,2.0,3.0,11.0,9.0,0.0,0.0,3.0,1.0,1.0,2.0,0.0,0.0,27.0,28.0,0.0,1.0,1.0,39.0,0,,11077.0,0.0,0.0
442,44.0,5.0,第2节,第2节,8.5,0.83,-8.5,0.83,134.5,0.83,134.5,0.83,8.5,2.0,,,2.0,3.0,11.0,9.0,0.0,0.0,3.0,1.0,1.0,2.0,0.0,0.0,27.0,28.0,0.0,1.0,1.0,39.0,0,,11077.0,0.0,0.0
443,44.0,5.0,第2节,第2节,8.5,0.83,-8.5,0.83,134.5,0.83,134.5,0.83,8.5,2.0,,,2.0,3.0,11.0,9.0,0.0,0.0,3.0,1.0,1.0,2.0,0.0,0.0,27.0,28.0,0.0,1.0,1.0,41.0,0,,11077.0,0.0,0.0
444,44.0,5.0,第2节,第2节,8.5,0.83,-8.5,0.83,134.5,0.83,134.5,0.83,8.5,2.0,,,2.0,3.0,11.0,9.0,0.0,0.0,3.0,1.0,1.0,2.0,0.0,0.0,27.0,28.0,0.0,1.0,1.0,41.0,0,,11077.0,0.0,0.0
445,44.0,5.0,第2节,第2节,8.5,0.83,-8.5,0.83,134.5,0.83,134.5,0.83,8.5,2.0,,,2.0,3.0,11.0,9.0,0.0,0.0,3.0,1.0,1.0,2.0,0.0,0.0,27.0,28.0,0.0,1.0,1.0,32.0,0,,11077.0,0.0,0.0
446,44.0,5.0,第2节,第2节,8.5,0.87,-7.5,0.8,134.5,0.83,134.5,0.83,-7.5,2.0,,,2.0,3.0,11.0,9.0,0.0,0.0,3.0,1.0,1.0,2.0,0.0,0.0,27.0,28.0,0.0,1.0,1.0,32.0,0,,11077.0,0.0,0.0
447,44.0,5.0,第2节,第2节,7.5,0.87,-7.5,0.8,134.5,0.83,134.5,0.83,7.5,2.0,,,2.0,3.0,11.0,9.0,0.0,0.0,3.0,1.0,1.0,2.0,0.0,0.0,27.0,28.0,0.0,1.0,1.0,32.0,0,,21077.0,0.0,0.0
448,44.0,5.0,第2节,第2节,7.5,0.87,-7.5,0.8,134.5,0.83,134.5,0.83,7.5,2.0,,,2.0,3.0,11.0,9.0,0.0,0.0,3.0,1.0,1.0,2.0,0.0,0.0,27.0,28.0,0.0,1.0,1.0,17.0,0,,11077.0,0.0,0.0
449,44.0,5.0,第2节,第2节,7.5,0.8,-8.5,0.87,134.5,0.83,134.5,0.83,-8.5,2.0,,,2.0,3.0,11.0,9.0,0.0,0.0,3.0,1.0,1.0,2.0,0.0,0.0,27.0,28.0,0.0,1.0,1.0,17.0,0,,11077.0,0.0,0.0
450,44.0,5.0,第2节,第2节,8.5,0.8,-8.5,0.83,134.5,0.83,134.5,0.83,8.5,2.0,,,2.0,3.0,11.0,9.0,0.0,0.0,3.0,1.0,1.0,2.0,0.0,0.0,27.0,28.0,0.0,1.0,1.0,17.0,0,,11077.0,0.0,0.0
451,44.0,5.0,第2节,第2节,8.5,0.83,-9.5,0.83,134.5,0.83,134.5,0.83,-9.5,2.0,,,2.0,3.0,11.0,9.0,0.0,0.0,3.0,1.0,1.0,2.0,0.0,0.0,27.0,28.0,0.0,1.0,1.0,17.0,0,,11077.0,0.0,0.0
452,44.0,5.0,第2节,第2节,9.5,0.83,-9.5,0.83,134.5,0.83,134.5,0.83,9.5,2.0,,,2.0,3.0,11.0,9.0,0.0,0.0,3.0,1.0,1.0,2.0,0.0,0.0,27.0,28.0,0.0,1.0,1.0,11.0,0,,11077.0,0.0,0.0
453,44.0,5.0,第2节,第2节,9.5,0.83,-9.5,0.83,134.5,0.83,134.5,0.83,9.5,2.0,,,2.0,3.0,12.0,9.0,0.0,0.0,3.0,1.0,1.0,2.0,0.0,0.0,30.0,28.0,0.0,1.0,1.0,11.0,0,,11074.0,0.0,0.0
454,44.0,5.0,第2节,第2节,9.5,0.83,-9.5,0.83,134.5,0.83,134.5,0.83,9.5,2.0,,,2.0,3.0,12.0,9.0,0.0,0.0,3.0,1.0,1.0,2.0,0.0,0.0,27.0,30.0,0.0,1.0,1.0,11.0,0,,21077.0,0.0,0.0
455,44.0,5.0,第2节,第2节,9.5,0.83,-9.5,0.83,134.5,0.83,134.5,0.83,9.5,2.0,,,2.0,3.0,12.0,9.0,0.0,0.0,3.0,1.0,1.0,2.0,0.0,0.0,27.0,30.0,0.0,1.0,1.0,9.0,0,,21077.0,0.0,0.0
456,44.0,5.0,第2节,第2节,9.5,0.83,-9.5,0.83,134.5,0.83,134.5,0.83,9.5,2.0,,,2.0,3.0,12.0,9.0,0.0,0.0,3.0,1.0,1.0,2.0,0.0,0.0,27.0,30.0,0.0,1.0,1.0,9.0,0,,21077.0,0.0,0.0
457,44.0,5.0,第2节,第2节,9.5,0.83,-9.5,0.83,134.5,0.83,134.5,0.83,9.5,2.0,,,2.0,3.0,12.0,9.0,0.0,0.0,3.0,1.0,1.0,2.0,0.0,0.0,27.0,30.0,0.0,1.0,1.0,5.0,0,,21077.0,0.0,0.0
458,44.0,5.0,第2节,第2节,9.5,0.83,-9.5,0.83,134.5,0.83,134.5,0.83,9.5,2.0,,,2.0,3.0,12.0,9.0,0.0,0.0,3.0,1.0,1.0,2.0,0.0,0.0,27.0,30.0,0.0,1.0,0.0,5.0,0,,21077.0,0.0,0.0
459,44.0,5.0,第2节,第2节,9.5,0.83,-9.5,0.83,134.5,0.83,134.5,0.83,9.5,2.0,,,2.0,3.0,12.0,9.0,0.0,0.0,3.0,1.0,1.0,2.0,0.0,0.0,27.0,30.0,0.0,1.0,0.0,45.0,0,,21077.0,0.0,0.0
460,44.0,5.0,第2节,第2节,9.5,0.87,-9.5,0.8,134.5,0.83,134.5,0.83,9.5,2.0,,,2.0,3.0,12.0,9.0,0.0,0.0,3.0,1.0,1.0,2.0,0.0,0.0,27.0,30.0,0.0,1.0,0.0,45.0,0,,11077.0,0.0,0.0
461,44.0,5.0,第2节,第2节,9.5,0.87,-9.5,0.8,134.5,0.83,134.5,0.83,9.5,2.0,,,2.0,3.0,12.0,9.0,0.0,0.0,3.0,1.0,1.0,3.0,0.0,0.0,27.0,30.0,0.0,1.0,0.0,45.0,0,,21086.0,0.0,0.0
462,44.0,5.0,第2节,第2节,9.5,0.8,-10.5,0.87,134.5,0.83,134.5,0.83,-10.5,2.0,,,2.0,3.0,12.0,9.0,0.0,0.0,3.0,1.0,1.0,3.0,0.0,0.0,27.0,30.0,0.0,1.0,0.0,45.0,0,,11077.0,0.0,0.0
463,44.0,5.0,第2节,第2节,10.5,0.8,-10.5,0.87,134.5,0.83,134.5,0.83,10.5,2.0,1:1,,2.0,3.0,12.0,9.0,0.0,0.0,3.0,1.0,1.0,3.0,0.0,0.0,31.0,30.0,0.0,1.0,0.0,45.0,0,,11078.0,0.0,0.0
464,44.0,5.0,第2节,第2节,10.5,0.8,-10.5,0.87,134.5,0.83,134.5,0.83,10.5,2.0,1:1,,2.0,3.0,12.0,9.0,1.0,0.0,3.0,1.0,1.0,3.0,50.0,0.0,31.0,30.0,0.0,1.0,0.0,45.0,0,,11079.0,0.0,0.0
465,44.0,5.0,第2节,第2节,10.5,0.8,-10.5,0.87,134.5,0.83,134.5,0.83,10.5,2.0,,,2.0,3.0,12.0,9.0,1.0,0.0,3.0,1.0,1.0,3.0,50.0,0.0,27.0,31.0,0.0,1.0,0.0,45.0,0,,21077.0,0.0,0.0
466,44.0,5.0,第2节,第2节,10.5,0.83,-10.5,0.83,134.5,0.83,134.5,0.83,10.5,2.0,,,2.0,3.0,12.0,9.0,1.0,0.0,3.0,1.0,1.0,3.0,50.0,0.0,27.0,31.0,0.0,1.0,0.0,45.0,0,,11077.0,0.0,0.0
467,44.0,5.0,第2节,第2节,10.5,0.87,-10.5,0.8,134.5,0.83,134.5,0.83,10.5,2.0,,,2.0,3.0,12.0,9.0,1.0,0.0,3.0,1.0,1.0,3.0,50.0,0.0,27.0,31.0,0.0,1.0,0.0,33.0,0,,11077.0,0.0,0.0
468,44.0,5.0,第2节,第2节,10.5,0.8,-10.5,0.87,134.5,0.83,134.5,0.83,10.5,2.0,,,2.0,3.0,12.0,9.0,1.0,0.0,3.0,1.0,1.0,3.0,50.0,0.0,27.0,31.0,0.0,1.0,0.0,33.0,0,,21077.0,0.0,0.0
469,44.0,5.0,第2节,第2节,10.5,0.8,-10.5,0.87,134.5,0.83,134.5,0.83,10.5,2.0,,,2.0,3.0,12.0,9.0,1.0,0.0,3.0,1.0,1.0,3.0,50.0,0.0,27.0,31.0,0.0,1.0,0.0,34.0,0,,21077.0,0.0,0.0
470,44.0,5.0,第2节,第2节,10.5,0.8,-10.5,0.87,134.5,0.83,134.5,0.83,10.5,2.0,,,2.0,3.0,12.0,9.0,1.0,0.0,3.0,1.0,1.0,3.0,50.0,0.0,27.0,31.0,0.0,1.0,0.0,34.0,0,,21077.0,0.0,0.0
471,44.0,5.0,第2节,第2节,10.5,0.8,-10.5,0.87,134.5,0.83,134.5,0.83,10.5,2.0,,,2.0,3.0,12.0,9.0,1.0,0.0,3.0,1.0,1.0,3.0,50.0,0.0,27.0,31.0,0.0,1.0,0.0,36.0,0,,21077.0,0.0,0.0
472,44.0,5.0,第2节,第2节,10.5,0.8,-10.5,0.87,134.5,0.83,134.5,0.83,10.5,2.0,,,2.0,3.0,12.0,10.0,1.0,0.0,3.0,1.0,1.0,3.0,50.0,0.0,27.0,29.0,0.0,1.0,0.0,36.0,0,,21074.0,0.0,0.0
473,44.0,5.0,第2节,第2节,10.5,0.8,-10.5,0.87,134.5,0.83,134.5,0.83,10.5,2.0,,,2.0,3.0,12.0,10.0,1.0,0.0,3.0,1.0,1.0,3.0,50.0,0.0,29.0,31.0,0.0,1.0,0.0,14.0,0,,11077.0,0.0,0.0
474,44.0,5.0,第2节,第2节,10.5,0.87,-8.5,0.8,134.5,0.83,134.5,0.83,-8.5,2.0,,,2.0,3.0,12.0,10.0,1.0,0.0,3.0,1.0,1.0,3.0,50.0,0.0,29.0,31.0,0.0,1.0,0.0,14.0,0,,11077.0,0.0,0.0
475,44.0,5.0,第2节,第2节,8.5,0.87,-8.5,0.8,134.5,0.83,134.5,0.83,8.5,2.0,,,2.0,3.0,12.0,10.0,1.0,0.0,3.0,1.0,1.0,3.0,50.0,0.0,29.0,31.0,0.0,1.0,0.0,13.0,0,,11077.0,0.0,0.0
476,44.0,5.0,第2节,第2节,8.5,0.87,-8.5,0.8,134.5,0.83,134.5,0.83,8.5,2.0,,,2.0,3.0,12.0,10.0,1.0,0.0,3.0,1.0,1.0,3.0,50.0,0.0,29.0,31.0,0.0,1.0,0.0,13.0,0,,11077.0,0.0,0.0
477,44.0,5.0,第2节,第2节,8.5,0.87,-8.5,0.8,134.5,0.83,134.5,0.83,8.5,2.0,,,2.0,3.0,12.0,10.0,1.0,0.0,3.0,1.0,1.0,3.0,50.0,0.0,29.0,31.0,0.0,1.0,0.0,12.0,0,,11077.0,0.0,0.0
478,44.0,5.0,第2节,第2节,8.5,0.87,-8.5,0.8,134.5,0.83,134.5,0.83,8.5,2.0,,,2.0,3.0,12.0,10.0,1.0,0.0,2.0,1.0,1.0,3.0,50.0,0.0,29.0,31.0,0.0,1.0,0.0,12.0,0,,11081.0,0.0,0.0
479,44.0,5.0,第2节,第2节,8.5,0.87,-8.5,0.8,134.5,0.83,134.5,0.83,8.5,2.0,,,2.0,3.0,12.0,10.0,1.0,0.0,2.0,1.0,1.0,3.0,50.0,0.0,29.0,31.0,0.0,1.0,0.0,3.0,0,,11077.0,0.0,0.0
480,44.0,5.0,第2节,第2节,8.5,0.87,-8.5,0.8,134.5,0.83,134.5,0.83,8.5,2.0,,,2.0,3.0,12.0,10.0,1.0,0.0,2.0,1.0,1.0,3.0,50.0,0.0,29.0,31.0,0.0,1.0,10.0,3.0,0,,11077.0,0.0,0.0
481,44.0,5.0,第2节,第2节,8.5,0.87,-8.5,0.8,134.5,0.83,134.5,0.83,8.5,2.0,,,2.0,3.0,12.0,10.0,1.0,0.0,2.0,1.0,1.0,3.0,50.0,0.0,29.0,31.0,0.0,1.0,10.0,0.0,0,,11077.0,0.0,0.0
482,44.0,5.0,第2节,第2节,8.5,0.87,-8.5,0.8,134.5,0.83,134.5,0.83,8.5,2.0,,,2.0,3.0,12.0,10.0,1.0,0.0,2.0,1.0,1.0,3.0,50.0,0.0,29.0,31.0,0.0,1.0,10.0,0.0,0,,1083.0,0.0,0.0
483,44.0,5.0,第2节,第2节,8.5,0.87,-8.5,0.8,134.5,0.83,134.5,0.83,8.5,2.0,1.0,,2.0,3.0,12.0,10.0,1.0,0.0,2.0,1.0,1.0,3.0,50.0,0.0,29.0,31.0,0.0,1.0,10.0,0.0,0,,1083.0,0.0,0.0
484,44.0,5.0,第2节,第2节,8.5,0.87,-8.5,0.8,134.5,0.83,134.5,0.83,8.5,2.0,1.0,,2.0,3.0,12.0,10.0,1.0,0.0,2.0,1.0,0.0,3.0,50.0,0.0,29.0,31.0,0.0,1.0,10.0,0.0,0,,1083.0,0.0,0.0
485,44.0,5.0,第2节,第2节,8.5,0.87,-8.5,0.8,134.5,0.83,134.5,0.83,8.5,2.0,1.0,,2.0,3.0,12.0,10.0,1.0,0.0,2.0,1.0,0.0,0.0,50.0,0.0,29.0,31.0,0.0,1.0,10.0,0.0,0,,1083.0,0.0,0.0
486,44.0,5.0,第2节,第3节,8.5,0.87,-8.5,0.8,134.5,0.83,134.5,0.83,8.5,2.0,1.0,,2.0,3.0,12.0,10.0,1.0,0.0,2.0,1.0,0.0,0.0,50.0,0.0,29.0,31.0,0.0,1.0,10.0,0.0,0,,1083.0,0.0,0.0
487,44.0,5.0,第2节,第3节,8.5,0.87,-8.5,0.8,134.5,0.83,134.5,0.83,8.5,2.0,1.0,,2.0,3.0,12.0,10.0,1.0,0.0,2.0,1.0,0.0,0.0,50.0,0.0,29.0,31.0,0.0,1.0,10.0,0.0,0,,1083.0,0.0,0.0
488,44.0,5.0,第3节,第3节,8.5,0.87,-8.5,0.8,134.5,0.83,134.5,0.83,8.5,2.0,1.0,,2.0,3.0,12.0,10.0,1.0,0.0,2.0,1.0,0.0,0.0,50.0,0.0,29.0,31.0,0.0,1.0,10.0,0.0,0,,1083.0,0.0,0.0
489,44.0,5.0,第3节,第3节,8.5,0.87,-8.5,0.83,134.5,0.83,134.5,0.83,8.5,2.0,1.0,,2.0,3.0,12.0,10.0,1.0,0.0,2.0,1.0,0.0,0.0,50.0,0.0,29.0,31.0,0.0,1.0,10.0,0.0,0,,1083.0,0.0,0.0
490,44.0,5.0,第3节,第3节,8.5,0.83,-8.5,0.83,134.5,0.83,134.5,0.83,8.5,2.0,1.0,,2.0,3.0,12.0,10.0,1.0,0.0,2.0,1.0,0.0,0.0,50.0,0.0,29.0,31.0,0.0,1.0,10.0,0.0,0,,1083.0,0.0,0.0
491,44.0,5.0,第3节,第3节,8.5,0.83,-8.5,0.83,134.5,0.83,134.5,0.83,8.5,3.0,,,2.0,3.0,12.0,10.0,1.0,0.0,2.0,1.0,0.0,0.0,50.0,0.0,29.0,31.0,0.0,1.0,10.0,0.0,0,,1089.0,0.0,0.0
492,44.0,5.0,第3节,第3节,8.5,0.83,-8.5,0.83,134.5,0.83,134.5,0.83,8.5,3.0,,,2.0,3.0,12.0,10.0,1.0,0.0,2.0,1.0,0.0,0.0,50.0,0.0,29.0,31.0,0.0,1.0,9.0,59.0,0,,11077.0,0.0,0.0
493,44.0,5.0,第3节,第3节,8.5,0.83,-8.5,0.83,134.5,0.83,134.5,0.83,8.5,3.0,,,2.0,3.0,12.0,10.0,1.0,0.0,2.0,1.0,0.0,0.0,50.0,0.0,29.0,31.0,0.0,1.0,9.0,59.0,0,,11077.0,0.0,0.0
494,44.0,5.0,第3节,第3节,8.5,0.83,-8.5,0.83,134.5,0.83,134.5,0.83,8.5,3.0,,,2.0,3.0,12.0,10.0,1.0,0.0,2.0,1.0,0.0,0.0,50.0,0.0,29.0,31.0,0.0,1.0,9.0,38.0,0,,11077.0,0.0,0.0
495,44.0,5.0,第3节,第3节,8.5,0.8,-8.5,0.87,134.5,0.83,134.5,0.83,8.5,3.0,,,2.0,3.0,12.0,10.0,1.0,0.0,2.0,1.0,0.0,0.0,50.0,0.0,29.0,31.0,0.0,1.0,9.0,38.0,0,,21077.0,0.0,0.0
496,44.0,5.0,第3节,第3节,8.5,0.83,-8.5,0.83,134.5,0.83,134.5,0.83,8.5,3.0,,,2.0,3.0,12.0,10.0,1.0,0.0,2.0,1.0,0.0,0.0,50.0,0.0,29.0,31.0,0.0,1.0,9.0,22.0,0,,21077.0,0.0,0.0
497,44.0,5.0,第3节,第3节,8.5,0.83,-8.5,0.83,134.5,0.83,134.5,0.83,8.5,3.0,,,2.0,3.0,12.0,10.0,1.0,0.0,2.0,1.0,0.0,0.0,50.0,0.0,29.0,31.0,0.0,1.0,9.0,22.0,0,,11077.0,0.0,0.0
498,44.0,5.0,第3节,第3节,8.5,0.83,-8.5,0.83,134.5,0.83,134.5,0.83,8.5,3.0,,,2.0,3.0,12.0,10.0,1.0,0.0,2.0,1.0,0.0,0.0,50.0,0.0,29.0,31.0,0.0,1.0,9.0,17.0,0,,11077.0,0.0,0.0
499,44.0,5.0,第3节,第3节,8.5,0.83,-8.5,0.83,134.5,0.83,134.5,0.83,8.5,3.0,,,2.0,3.0,12.0,10.0,1.0,0.0,2.0,1.0,0.0,1.0,50.0,0.0,29.0,31.0,0.0,1.0,9.0,17.0,0,,21086.0,0.0,0.0
500,44.0,5.0,第3节,第3节,8.5,0.83,-9.5,0.83,134.5,0.83,134.5,0.83,-9.5,3.0,,,2.0,3.0,12.0,10.0,1.0,0.0,2.0,1.0,0.0,1.0,50.0,0.0,29.0,31.0,0.0,1.0,9.0,17.0,0,,11077.0,0.0,0.0
501,44.0,5.0,第3节,第3节,9.5,0.83,-9.5,0.83,134.5,0.83,134.5,0.83,9.5,3.0,1:2,,2.0,3.0,12.0,10.0,1.0,0.0,2.0,1.0,0.0,1.0,50.0,0.0,29.0,31.0,0.0,1.0,9.0,19.0,0,,11078.0,0.0,0.0
502,44.0,5.0,第3节,第3节,9.5,0.83,-9.5,0.83,134.5,0.83,134.5,0.83,9.5,3.0,1:2,,2.0,3.0,12.0,10.0,1.0,0.0,2.0,1.0,0.0,1.0,33.3,0.0,29.0,31.0,0.0,1.0,9.0,19.0,0,,11080.0,0.0,0.0
503,44.0,5.0,第3节,第3节,9.5,0.83,-8.5,0.83,134.5,0.83,134.5,0.83,-8.5,3.0,2:2,,2.0,3.0,12.0,10.0,1.0,0.0,2.0,1.0,0.0,1.0,33.3,0.0,29.0,31.0,0.0,1.0,9.0,19.0,0,,11078.0,0.0,0.0
504,44.0,5.0,第3节,第3节,8.5,0.83,-8.5,0.83,134.5,0.83,134.5,0.83,8.5,3.0,2:2,,2.0,3.0,12.0,10.0,1.0,0.0,2.0,1.0,0.0,1.0,25.0,0.0,29.0,31.0,0.0,1.0,9.0,19.0,0,,11080.0,0.0,0.0
505,44.0,5.0,第3节,第3节,8.5,0.8,-8.5,0.87,134.5,0.83,134.5,0.83,8.5,3.0,,,2.0,3.0,12.0,10.0,1.0,0.0,2.0,1.0,0.0,1.0,25.0,0.0,29.0,31.0,0.0,1.0,9.0,19.0,0,,21077.0,0.0,0.0
506,44.0,5.0,第3节,第3节,8.5,0.83,-8.5,0.83,134.5,0.83,134.5,0.83,8.5,3.0,,,2.0,3.0,12.0,10.0,1.0,0.0,2.0,1.0,0.0,1.0,25.0,0.0,29.0,31.0,0.0,1.0,9.0,6.0,0,,11077.0,0.0,0.0
507,44.0,5.0,第3节,第3节,8.5,0.91,-7.5,0.77,134.5,0.83,134.5,0.83,-7.5,3.0,,,2.0,3.0,12.0,10.0,1.0,0.0,2.0,1.0,0.0,1.0,25.0,0.0,29.0,31.0,0.0,1.0,9.0,6.0,0,,21077.0,0.0,0.0
508,44.0,5.0,第3节,第3节,7.5,0.91,-7.5,0.77,134.5,0.83,134.5,0.83,7.5,3.0,,,2.0,3.0,12.0,10.0,1.0,0.0,2.0,1.0,0.0,1.0,25.0,0.0,29.0,31.0,0.0,1.0,8.0,54.0,0,,21077.0,0.0,0.0
509,44.0,5.0,第3节,第3节,7.5,0.91,-7.5,0.77,134.5,0.83,134.5,0.83,7.5,3.0,,,2.0,3.0,12.0,10.0,1.0,0.0,2.0,1.0,1.0,1.0,25.0,0.0,29.0,31.0,0.0,1.0,8.0,54.0,0,,11086.0,0.0,0.0
510,44.0,5.0,第3节,第3节,7.5,0.87,-7.5,0.8,134.5,0.83,134.5,0.83,7.5,3.0,,,2.0,3.0,12.0,10.0,1.0,0.0,2.0,1.0,1.0,1.0,25.0,0.0,29.0,31.0,0.0,1.0,8.0,54.0,0,,21077.0,0.0,0.0
511,44.0,5.0,第3节,第3节,7.5,0.8,-7.5,0.87,134.5,0.83,134.5,0.83,7.5,3.0,1:2,,2.0,3.0,12.0,10.0,1.0,0.0,2.0,1.0,1.0,1.0,25.0,0.0,29.0,31.0,0.0,1.0,8.0,54.0,0,,21078.0,0.0,0.0
512,44.0,5.0,第3节,第3节,7.5,0.83,-7.5,0.83,134.5,0.83,134.5,0.83,7.5,3.0,1:2,,2.0,3.0,12.0,10.0,1.0,0.0,2.0,1.0,1.0,1.0,25.0,0.0,29.0,31.0,0.0,1.0,8.0,54.0,0,,21080.0,0.0,0.0
513,44.0,5.0,第3节,第3节,7.5,0.83,-7.5,0.83,134.5,0.83,134.5,0.83,7.5,3.0,2:2,,2.0,3.0,12.0,10.0,1.0,0.0,2.0,1.0,1.0,1.0,25.0,0.0,29.0,30.0,0.0,1.0,8.0,54.0,0,,21078.0,0.0,0.0
514,44.0,5.0,第3节,第3节,7.5,0.83,-7.5,0.83,134.5,0.83,134.5,0.83,7.5,3.0,2:2,,2.0,3.0,12.0,10.0,1.0,1.0,2.0,1.0,1.0,1.0,25.0,16.7,29.0,30.0,0.0,1.0,8.0,54.0,0,,21079.0,0.0,0.0
515,44.0,5.0,第3节,第3节,7.5,0.83,-7.5,0.83,134.5,0.83,134.5,0.83,7.5,3.0,,,2.0,3.0,12.0,10.0,1.0,1.0,2.0,1.0,1.0,1.0,25.0,16.7,30.0,31.0,0.0,1.0,8.0,54.0,0,,11077.0,0.0,0.0
516,44.0,5.0,第3节,第3节,7.5,0.83,-7.5,0.83,134.5,0.83,134.5,0.83,7.5,3.0,,,2.0,3.0,13.0,10.0,1.0,1.0,2.0,1.0,1.0,1.0,25.0,16.7,33.0,31.0,0.0,1.0,8.0,54.0,0,,11074.0,0.0,0.0
517,44.0,5.0,第3节,第3节,7.5,0.83,-7.5,0.83,134.5,0.83,134.5,0.83,7.5,3.0,,,2.0,3.0,13.0,10.0,1.0,1.0,2.0,1.0,1.0,1.0,25.0,16.7,30.0,33.0,0.0,1.0,8.0,54.0,0,,21077.0,0.0,0.0
518,44.0,5.0,第3节,第3节,7.5,0.83,-7.5,0.83,134.5,0.83,134.5,0.83,7.5,3.0,,,2.0,3.0,13.0,10.0,1.0,1.0,2.0,1.0,1.0,1.0,25.0,16.7,30.0,33.0,0.0,1.0,8.0,29.0,0,,21077.0,0.0,0.0
519,44.0,5.0,第3节,第3节,7.5,0.83,-8.5,0.83,134.5,0.83,134.5,0.83,-8.5,3.0,,,2.0,3.0,13.0,10.0,1.0,1.0,2.0,1.0,1.0,1.0,25.0,16.7,30.0,33.0,0.0,1.0,8.0,29.0,0,,21077.0,0.0,0.0
520,44.0,5.0,第3节,第3节,8.5,0.83,-8.5,0.83,134.5,0.83,134.5,0.83,8.5,3.0,,,2.0,3.0,13.0,10.0,1.0,1.0,2.0,1.0,1.0,1.0,25.0,16.7,30.0,33.0,0.0,1.0,8.0,28.0,0,,21077.0,0.0,0.0
521,44.0,5.0,第3节,第3节,8.5,0.83,-8.5,0.83,134.5,0.83,134.5,0.83,8.5,3.0,,,2.0,3.0,13.0,10.0,1.0,1.0,2.0,1.0,1.0,1.0,25.0,16.7,30.0,33.0,0.0,1.0,8.0,28.0,0,,11077.0,0.0,0.0
522,44.0,5.0,第3节,第3节,8.5,0.83,-8.5,0.83,134.5,0.83,134.5,0.83,8.5,3.0,,,2.0,3.0,13.0,10.0,1.0,1.0,2.0,1.0,1.0,1.0,25.0,16.7,30.0,33.0,0.0,1.0,8.0,4.0,0,,11077.0,0.0,0.0
523,44.0,5.0,第3节,第3节,8.5,0.8,-9.5,0.87,134.5,0.83,134.5,0.83,-9.5,3.0,,,2.0,3.0,13.0,10.0,1.0,1.0,2.0,1.0,1.0,1.0,25.0,16.7,30.0,33.0,0.0,1.0,8.0,4.0,0,,11077.0,0.0,0.0
524,44.0,5.0,第3节,第3节,9.5,0.8,-9.5,0.87,134.5,0.83,134.5,0.83,9.5,3.0,,,2.0,3.0,13.0,10.0,1.0,1.0,2.0,1.0,1.0,1.0,25.0,16.7,30.0,33.0,0.0,1.0,7.0,50.0,0,,11077.0,0.0,0.0
525,44.0,5.0,第3节,第3节,9.5,0.8,-9.5,0.87,134.5,0.83,134.5,0.83,9.5,3.0,,,2.0,3.0,13.0,10.0,1.0,1.0,2.0,1.0,1.0,1.0,25.0,16.7,30.0,33.0,0.0,1.0,7.0,50.0,0,,11077.0,0.0,0.0
526,44.0,5.0,第3节,第3节,9.5,0.8,-9.5,0.87,134.5,0.83,134.5,0.83,9.5,3.0,,,2.0,3.0,13.0,10.0,1.0,1.0,2.0,1.0,1.0,1.0,25.0,16.7,30.0,33.0,0.0,1.0,7.0,49.0,0,,11077.0,0.0,0.0
527,44.0,5.0,第3节,第3节,9.5,0.8,-8.5,0.87,134.5,0.83,134.5,0.83,-8.5,3.0,,,2.0,3.0,13.0,10.0,1.0,1.0,2.0,1.0,1.0,1.0,25.0,16.7,30.0,33.0,0.0,1.0,7.0,49.0,0,,11077.0,0.0,0.0
528,44.0,5.0,第3节,第3节,8.5,0.8,-8.5,0.87,134.5,0.83,134.5,0.83,8.5,3.0,,,2.0,3.0,13.0,10.0,1.0,1.0,2.0,1.0,1.0,1.0,25.0,16.7,30.0,33.0,0.0,1.0,7.0,49.0,0,,21077.0,0.0,0.0
529,44.0,5.0,第3节,第3节,8.5,0.8,-8.5,0.87,134.5,0.83,134.5,0.83,8.5,3.0,,,2.0,3.0,13.0,10.0,1.0,1.0,2.0,1.0,1.0,1.0,25.0,16.7,30.0,33.0,0.0,1.0,7.0,31.0,0,,11077.0,0.0,0.0
530,44.0,5.0,第3节,第3节,8.5,0.8,-9.5,0.87,134.5,0.83,134.5,0.83,-9.5,3.0,,,2.0,3.0,13.0,10.0,1.0,1.0,2.0,1.0,1.0,1.0,25.0,16.7,30.0,33.0,0.0,1.0,7.0,31.0,0,,11077.0,0.0,0.0
531,44.0,5.0,第3节,第3节,9.5,0.8,-9.5,0.91,134.5,0.83,134.5,0.83,9.5,3.0,,,2.0,3.0,13.0,10.0,1.0,1.0,2.0,1.0,1.0,1.0,25.0,16.7,30.0,33.0,0.0,1.0,7.0,31.0,0,,11077.0,0.0,0.0
532,44.0,5.0,第3节,第3节,9.5,0.77,-8.5,0.91,134.5,0.83,134.5,0.83,-8.5,3.0,,,2.0,3.0,13.0,10.0,1.0,1.0,2.0,1.0,1.0,1.0,25.0,16.7,30.0,33.0,0.0,1.0,7.0,31.0,0,,11077.0,0.0,0.0
533,44.0,5.0,第3节,第3节,8.5,0.77,-8.5,0.91,134.5,0.83,134.5,0.83,8.5,3.0,,,2.0,3.0,13.0,10.0,1.0,1.0,2.0,1.0,1.0,1.0,25.0,16.7,30.0,33.0,0.0,1.0,7.0,19.0,0,,11077.0,0.0,0.0
534,44.0,5.0,第3节,第3节,8.5,0.77,-8.5,0.91,134.5,0.83,134.5,0.83,8.5,3.0,,,2.0,3.0,13.0,10.0,1.0,1.0,2.0,1.0,1.0,1.0,25.0,16.7,30.0,33.0,0.0,1.0,7.0,19.0,0,,21077.0,0.0,0.0
535,44.0,5.0,第3节,第3节,8.5,0.77,-8.5,0.91,134.5,0.83,134.5,0.83,8.5,3.0,,,2.0,3.0,13.0,10.0,1.0,1.0,2.0,1.0,1.0,1.0,25.0,16.7,30.0,33.0,0.0,1.0,7.0,10.0,0,,21077.0,0.0,0.0
536,44.0,5.0,第3节,第3节,8.5,0.77,-8.5,0.91,134.5,0.83,134.5,0.83,8.5,3.0,,,2.0,3.0,13.0,10.0,1.0,1.0,2.0,1.0,2.0,1.0,25.0,16.7,30.0,33.0,0.0,1.0,7.0,10.0,0,,11086.0,0.0,0.0
537,44.0,5.0,第3节,第3节,8.5,0.83,-7.5,0.83,134.5,0.83,134.5,0.83,-7.5,3.0,,,2.0,3.0,13.0,10.0,1.0,1.0,2.0,1.0,2.0,1.0,25.0,16.7,30.0,33.0,0.0,1.0,7.0,10.0,0,,21077.0,0.0,0.0
538,44.0,5.0,第3节,第3节,7.5,0.83,-7.5,0.83,134.5,0.83,134.5,0.83,7.5,3.0,,,2.0,3.0,13.0,10.0,1.0,1.0,2.0,1.0,2.0,1.0,25.0,16.7,30.0,33.0,0.0,1.0,7.0,1.0,0,,21077.0,0.0,0.0
539,44.0,5.0,第3节,第3节,7.5,0.83,-7.5,0.83,134.5,0.83,134.5,0.83,7.5,3.0,,,2.0,3.0,13.0,10.0,1.0,1.0,2.0,1.0,3.0,1.0,25.0,16.7,30.0,33.0,0.0,1.0,7.0,1.0,0,,11086.0,0.0,0.0
540,44.0,5.0,第3节,第3节,7.5,0.8,-7.5,0.87,134.5,0.83,134.5,0.83,7.5,3.0,,,2.0,3.0,13.0,10.0,1.0,1.0,2.0,1.0,3.0,1.0,25.0,16.7,30.0,33.0,1.0,1.0,7.0,1.0,0,,21077.0,0.0,0.0
541,44.0,5.0,第3节,第3节,7.5,0.8,-6.5,0.8,134.5,0.83,134.5,0.83,-6.5,3.0,1:2,,2.0,3.0,13.0,10.0,1.0,1.0,2.0,1.0,3.0,1.0,25.0,16.7,30.0,33.0,1.0,1.0,7.0,1.0,0,,21078.0,0.0,0.0
542,44.0,5.0,第3节,第3节,6.5,0.87,-6.5,0.8,134.5,0.83,134.5,0.83,6.5,3.0,1:2,,2.0,3.0,13.0,10.0,1.0,1.0,2.0,1.0,3.0,1.0,25.0,16.7,30.0,33.0,0.0,1.0,7.0,1.0,0,,21078.0,0.0,0.0
543,44.0,5.0,第3节,第3节,6.5,0.87,-6.5,0.8,134.5,0.83,134.5,0.83,6.5,3.0,1:2,,2.0,3.0,13.0,10.0,1.0,1.0,2.0,1.0,3.0,1.0,25.0,14.3,30.0,33.0,0.0,1.0,7.0,1.0,0,,21080.0,0.0,0.0
544,44.0,5.0,第3节,第3节,6.5,0.83,-7.5,0.83,134.5,0.83,134.5,0.83,-7.5,3.0,2:2,,2.0,3.0,13.0,10.0,1.0,1.0,2.0,1.0,3.0,1.0,25.0,14.3,30.0,33.0,0.0,1.0,7.0,1.0,0,,21078.0,0.0,0.0
545,44.0,5.0,第3节,第3节,7.5,0.83,-7.5,0.83,134.5,0.83,134.5,0.83,7.5,3.0,2:2,,2.0,3.0,13.0,10.0,1.0,2.0,2.0,1.0,3.0,1.0,25.0,25.0,30.0,31.0,0.0,1.0,7.0,1.0,0,,21079.0,0.0,0.0
546,44.0,5.0,第3节,第3节,7.5,0.83,-7.5,0.83,134.5,0.83,134.5,0.83,7.5,3.0,,,2.0,3.0,13.0,10.0,1.0,2.0,2.0,1.0,3.0,1.0,25.0,25.0,31.0,33.0,0.0,1.0,7.0,1.0,0,,11077.0,0.0,0.0
547,44.0,5.0,第3节,第3节,7.5,0.8,-7.5,0.87,134.5,0.83,134.5,0.83,7.5,3.0,,,2.0,3.0,13.0,10.0,1.0,2.0,2.0,1.0,3.0,1.0,25.0,25.0,31.0,33.0,0.0,1.0,7.0,0.0,0,,11077.0,0.0,0.0
548,44.0,5.0,第3节,第3节,7.5,0.8,-7.5,0.87,134.5,0.83,134.5,0.83,7.5,3.0,,,2.0,3.0,13.0,10.0,1.0,2.0,2.0,1.0,3.0,1.0,25.0,25.0,31.0,33.0,0.0,1.0,7.0,0.0,0,,11077.0,0.0,0.0
549,44.0,5.0,第3节,第3节,7.5,0.8,-7.5,0.87,134.5,0.83,134.5,0.83,7.5,3.0,,,2.0,3.0,13.0,10.0,1.0,2.0,2.0,1.0,3.0,1.0,25.0,25.0,31.0,33.0,0.0,1.0,7.0,1.0,0,,11077.0,0.0,0.0
550,44.0,5.0,第3节,第3节,7.5,0.8,-7.5,0.87,134.5,0.83,134.5,0.83,7.5,3.0,,,2.0,3.0,13.0,10.0,1.0,2.0,2.0,1.0,3.0,1.0,25.0,25.0,31.0,33.0,0.0,1.0,6.0,1.0,0,,11077.0,0.0,0.0
551,44.0,5.0,第3节,第3节,7.5,0.8,-7.5,0.87,134.5,0.83,134.5,0.83,7.5,3.0,,,2.0,3.0,13.0,10.0,1.0,2.0,2.0,1.0,3.0,1.0,25.0,25.0,31.0,33.0,0.0,1.0,6.0,50.0,0,,11077.0,0.0,0.0
552,44.0,5.0,第3节,第3节,7.5,0.8,-7.5,0.87,134.5,0.83,134.5,0.83,7.5,3.0,,,2.0,3.0,13.0,10.0,1.0,2.0,2.0,1.0,3.0,2.0,25.0,25.0,31.0,33.0,0.0,1.0,6.0,50.0,0,,21086.0,0.0,0.0
553,44.0,5.0,第3节,第3节,7.5,0.83,-7.5,0.83,134.5,0.83,134.5,0.83,7.5,3.0,,,2.0,3.0,13.0,10.0,1.0,2.0,2.0,1.0,3.0,2.0,25.0,25.0,31.0,33.0,0.0,1.0,6.0,50.0,0,,11077.0,0.0,0.0
554,44.0,5.0,第3节,第3节,7.5,0.83,-7.5,0.83,134.5,0.83,134.5,0.83,7.5,3.0,,,2.0,3.0,13.0,10.0,1.0,2.0,2.0,1.0,3.0,2.0,25.0,25.0,31.0,33.0,0.0,1.0,6.0,36.0,0,,21077.0,0.0,0.0
555,44.0,5.0,第3节,第3节,7.5,0.83,-6.5,0.83,134.5,0.83,134.5,0.83,-6.5,3.0,,,2.0,3.0,13.0,10.0,1.0,2.0,2.0,1.0,3.0,2.0,25.0,25.0,31.0,33.0,0.0,1.0,6.0,36.0,0,,21077.0,0.0,0.0
556,44.0,5.0,第3节,第3节,6.5,0.83,-6.5,0.83,134.5,0.83,134.5,0.83,6.5,3.0,,,2.0,3.0,13.0,10.0,1.0,2.0,2.0,1.0,3.0,2.0,25.0,25.0,31.0,33.0,0.0,1.0,6.0,31.0,0,,21077.0,0.0,0.0
557,44.0,5.0,第3节,第3节,6.5,0.83,-6.5,0.83,134.5,0.83,134.5,0.83,6.5,3.0,,1.0,2.0,3.0,13.0,10.0,1.0,2.0,2.0,1.0,4.0,2.0,25.0,25.0,31.0,33.0,0.0,1.0,6.0,31.0,0,,11086.0,0.0,0.0
558,44.0,5.0,第3节,第3节,6.5,0.83,-5.5,0.83,134.5,0.83,134.5,0.83,-5.5,3.0,,1.0,2.0,3.0,13.0,10.0,1.0,2.0,2.0,1.0,4.0,2.0,25.0,25.0,31.0,33.0,0.0,1.0,6.0,31.0,0,,21077.0,0.0,0.0
559,44.0,5.0,第3节,第3节,5.5,0.83,-5.5,0.83,134.5,0.83,134.5,0.83,5.5,3.0,1:2,1.0,2.0,3.0,13.0,10.0,1.0,2.0,2.0,1.0,4.0,2.0,25.0,25.0,31.0,32.0,0.0,1.0,6.0,31.0,0,,21078.0,0.0,0.0
560,44.0,5.0,第3节,第3节,5.5,0.83,-5.5,0.83,134.5,0.83,134.5,0.83,5.5,3.0,1:2,1.0,2.0,3.0,13.0,10.0,1.0,3.0,2.0,1.0,4.0,2.0,25.0,33.3,31.0,32.0,0.0,1.0,6.0,31.0,0,,21079.0,0.0,0.0
561,44.0,5.0,第3节,第3节,5.5,0.83,-5.5,0.83,134.5,0.83,134.5,0.83,5.5,3.0,2:2,1.0,2.0,3.0,13.0,10.0,1.0,3.0,2.0,1.0,4.0,2.0,25.0,33.3,32.0,33.0,0.0,1.0,6.0,31.0,0,,21078.0,0.0,0.0
562,44.0,5.0,第3节,第3节,5.5,0.8,-5.5,0.87,134.5,0.83,134.5,0.83,5.5,3.0,2:2,1.0,2.0,3.0,13.0,10.0,1.0,3.0,2.0,1.0,4.0,2.0,25.0,33.3,32.0,33.0,0.0,1.0,6.0,31.0,0,,21078.0,0.0,0.0
563,44.0,5.0,第3节,第3节,5.5,0.8,-4.5,0.8,134.5,0.83,134.5,0.83,-4.5,3.0,2:2,1.0,2.0,3.0,13.0,10.0,1.0,4.0,2.0,1.0,4.0,2.0,25.0,40.0,32.0,33.0,0.0,1.0,6.0,31.0,0,,21079.0,0.0,0.0
564,44.0,5.0,第3节,第3节,5.5,0.8,-4.5,0.8,134.5,0.83,134.5,0.83,-4.5,3.0,,1.0,2.0,3.0,13.0,10.0,1.0,4.0,2.0,1.0,4.0,2.0,25.0,40.0,33.0,33.0,0.0,1.0,6.0,31.0,0,,11077.0,0.0,0.0
565,44.0,5.0,第3节,第3节,4.5,0.87,-4.5,0.8,134.5,0.83,134.5,0.83,4.5,3.0,,1.0,2.0,3.0,13.0,10.0,1.0,4.0,2.0,1.0,4.0,2.0,25.0,40.0,33.0,33.0,0.0,1.0,6.0,16.0,0,,11077.0,0.0,0.0
566,44.0,5.0,第3节,第3节,4.5,0.91,-3.5,0.77,134.5,0.83,134.5,0.83,-3.5,3.0,,1.0,2.0,3.0,13.0,10.0,1.0,4.0,2.0,1.0,4.0,2.0,25.0,40.0,33.0,33.0,0.0,1.0,6.0,16.0,0,,21077.0,0.0,0.0
567,44.0,5.0,第3节,第3节,3.5,0.91,-3.5,0.77,134.5,0.83,134.5,0.83,3.5,3.0,,1.0,2.0,3.0,13.0,10.0,1.0,4.0,2.0,1.0,4.0,2.0,25.0,40.0,33.0,33.0,0.0,1.0,6.0,4.0,0,,11077.0,0.0,0.0
568,44.0,5.0,第3节,第3节,3.5,0.87,-4.5,0.8,134.5,0.83,134.5,0.83,-4.5,3.0,,1.0,2.0,3.0,13.0,10.0,1.0,4.0,2.0,1.0,4.0,2.0,25.0,40.0,33.0,33.0,0.0,1.0,6.0,4.0,0,,11077.0,0.0,0.0
569,44.0,5.0,第3节,第3节,4.5,0.87,-4.5,0.8,134.5,0.83,134.5,0.83,4.5,3.0,,1.0,2.0,3.0,13.0,10.0,1.0,4.0,2.0,1.0,4.0,2.0,25.0,40.0,33.0,33.0,0.0,1.0,6.0,0.0,0,,11077.0,0.0,0.0
570,44.0,5.0,第3节,第3节,4.5,0.87,-4.5,0.8,134.5,0.83,134.5,0.83,4.5,3.0,,1.0,2.0,3.0,13.0,10.0,1.0,4.0,2.0,1.0,4.0,3.0,25.0,40.0,33.0,33.0,0.0,1.0,6.0,0.0,0,,21086.0,0.0,0.0
571,44.0,5.0,第3节,第3节,4.5,0.8,-5.5,0.87,134.5,0.83,134.5,0.83,-5.5,3.0,,1.0,2.0,3.0,13.0,10.0,1.0,4.0,2.0,1.0,4.0,3.0,25.0,40.0,33.0,33.0,0.0,1.0,6.0,0.0,0,,11077.0,0.0,0.0
572,44.0,5.0,第3节,第3节,5.5,0.8,-5.5,0.87,134.5,0.83,134.5,0.83,5.5,3.0,,1.0,2.0,3.0,13.0,10.0,1.0,4.0,2.0,1.0,4.0,3.0,25.0,40.0,33.0,33.0,0.0,1.0,6.0,1.0,0,,11077.0,0.0,0.0
573,44.0,5.0,第3节,第3节,5.5,0.8,-5.5,0.87,134.5,0.83,134.5,0.83,5.5,3.0,,1.0,2.0,3.0,13.0,10.0,1.0,4.0,2.0,1.0,4.0,3.0,25.0,40.0,33.0,33.0,0.0,1.0,6.0,1.0,0,,11077.0,0.0,0.0
574,44.0,5.0,第3节,第3节,5.5,0.8,-5.5,0.87,134.5,0.83,134.5,0.83,5.5,3.0,,1.0,2.0,3.0,13.0,10.0,1.0,4.0,2.0,1.0,4.0,3.0,25.0,40.0,33.0,33.0,0.0,1.0,6.0,3.0,0,,11077.0,0.0,0.0
575,44.0,5.0,第3节,第3节,5.5,0.83,-4.5,0.83,134.5,0.83,134.5,0.83,-4.5,3.0,,1.0,2.0,3.0,13.0,10.0,1.0,4.0,2.0,1.0,4.0,3.0,25.0,40.0,33.0,33.0,0.0,1.0,6.0,3.0,0,,21077.0,0.0,0.0
576,44.0,5.0,第3节,第3节,4.5,0.83,-4.5,0.83,134.5,0.83,134.5,0.83,4.5,3.0,,1.0,2.0,3.0,13.0,10.0,1.0,4.0,2.0,1.0,4.0,3.0,25.0,40.0,33.0,33.0,0.0,1.0,5.0,56.0,0,,21077.0,0.0,0.0
577,44.0,5.0,第3节,第3节,4.5,0.8,-5.5,0.87,134.5,0.83,134.5,0.83,-5.5,3.0,,1.0,2.0,3.0,13.0,10.0,1.0,4.0,2.0,1.0,4.0,3.0,25.0,40.0,33.0,33.0,0.0,1.0,5.0,56.0,0,,21077.0,0.0,0.0
578,44.0,5.0,第3节,第3节,5.5,0.8,-5.5,0.87,134.5,0.83,134.5,0.83,5.5,3.0,,1.0,2.0,3.0,13.0,10.0,1.0,4.0,2.0,1.0,4.0,3.0,25.0,40.0,33.0,33.0,0.0,1.0,5.0,39.0,0,,11077.0,0.0,0.0
579,44.0,5.0,第3节,第3节,5.5,0.8,-5.5,0.87,134.5,0.83,134.5,0.83,5.5,3.0,,1.0,2.0,3.0,13.0,10.0,1.0,4.0,2.0,1.0,4.0,3.0,25.0,40.0,33.0,33.0,0.0,1.0,5.0,39.0,0,,11077.0,0.0,0.0
580,44.0,5.0,第3节,第3节,5.5,0.8,-5.5,0.87,134.5,0.83,134.5,0.83,5.5,3.0,,1.0,2.0,3.0,13.0,10.0,1.0,4.0,2.0,1.0,4.0,3.0,25.0,40.0,33.0,33.0,0.0,1.0,5.0,37.0,0,,11077.0,0.0,0.0
581,44.0,5.0,第3节,第3节,5.5,0.8,-5.5,0.87,134.5,0.83,134.5,0.83,5.5,3.0,,1.0,2.0,3.0,14.0,10.0,1.0,4.0,2.0,1.0,4.0,3.0,25.0,40.0,35.0,33.0,0.0,1.0,5.0,37.0,0,,11074.0,0.0,0.0
582,44.0,5.0,第3节,第3节,5.5,0.8,-5.5,0.87,134.5,0.83,134.5,0.83,5.5,3.0,,1.0,2.0,3.0,14.0,10.0,1.0,4.0,2.0,1.0,4.0,3.0,25.0,40.0,33.0,35.0,0.0,1.0,5.0,37.0,0,,21077.0,0.0,0.0
583,44.0,5.0,第3节,第3节,5.5,0.91,-5.5,0.77,134.5,0.83,134.5,0.83,5.5,3.0,,1.0,2.0,3.0,14.0,10.0,1.0,4.0,2.0,1.0,4.0,4.0,25.0,40.0,33.0,35.0,0.0,1.0,5.0,37.0,0,,21086.0,0.0,0.0
584,44.0,5.0,第3节,第3节,5.5,0.83,-7.5,0.83,134.5,0.83,134.5,0.83,-7.5,3.0,,1.0,2.0,3.0,14.0,10.0,1.0,4.0,2.0,1.0,4.0,4.0,25.0,40.0,33.0,35.0,0.0,1.0,5.0,37.0,0,,11077.0,0.0,0.0
585,44.0,5.0,第3节,第3节,7.5,0.8,-7.5,0.87,134.5,0.83,134.5,0.83,7.5,3.0,1:1,1.0,2.0,3.0,14.0,10.0,1.0,4.0,2.0,1.0,4.0,4.0,25.0,40.0,33.0,35.0,0.0,1.0,5.0,37.0,0,,11078.0,0.0,0.0
586,44.0,5.0,第3节,第3节,7.5,0.83,-7.5,0.83,134.5,0.83,134.5,0.83,7.5,3.0,1:1,1.0,2.0,3.0,14.0,10.0,2.0,4.0,2.0,1.0,4.0,4.0,40.0,40.0,36.0,35.0,0.0,1.0,5.0,37.0,0,,11079.0,0.0,0.0
587,44.0,5.0,第3节,第3节,7.5,0.83,-7.5,0.83,134.5,0.83,134.5,0.83,7.5,3.0,,1.0,2.0,3.0,14.0,10.0,2.0,4.0,2.0,1.0,4.0,4.0,40.0,40.0,33.0,36.0,0.0,1.0,5.0,37.0,0,,21077.0,0.0,0.0
588,44.0,5.0,第3节,第3节,7.5,0.83,-7.5,0.83,134.5,0.83,134.5,0.83,7.5,3.0,,1.0,2.0,3.0,14.0,10.0,2.0,4.0,2.0,1.0,4.0,4.0,40.0,40.0,33.0,36.0,0.0,1.0,5.0,17.0,0,,21077.0,0.0,0.0
589,44.0,5.0,第3节,第3节,7.5,0.83,-7.5,0.83,134.5,0.83,134.5,0.83,7.5,3.0,,1.0,2.0,4.0,14.0,10.0,2.0,4.0,2.0,1.0,4.0,4.0,40.0,40.0,33.0,36.0,0.0,1.0,5.0,17.0,0,,21075.0,0.0,0.0
590,44.0,5.0,第3节,第3节,7.5,0.83,-7.5,0.83,134.5,0.83,134.5,0.83,7.5,3.0,,1.0,2.0,4.0,14.0,10.0,2.0,4.0,2.0,1.0,4.0,4.0,40.0,40.0,36.0,36.0,0.0,1.0,5.0,17.0,0,,11077.0,0.0,0.0
591,44.0,5.0,第3节,第3节,7.5,0.87,-5.5,0.8,134.5,0.83,134.5,0.83,-5.5,3.0,,1.0,2.0,4.0,14.0,10.0,2.0,4.0,2.0,1.0,4.0,4.0,40.0,40.0,36.0,36.0,0.0,1.0,5.0,17.0,0,,11077.0,0.0,0.0
592,44.0,5.0,第3节,第3节,5.5,0.83,-5.5,0.83,134.5,0.83,134.5,0.83,5.5,3.0,,1.0,2.0,4.0,14.0,10.0,2.0,4.0,2.0,1.0,4.0,4.0,40.0,40.0,36.0,36.0,0.0,1.0,5.0,14.0,0,,11077.0,0.0,0.0
593,44.0,5.0,第3节,第3节,5.5,0.83,-5.5,0.83,134.5,0.83,134.5,0.83,5.5,3.0,,1.0,2.0,4.0,15.0,10.0,2.0,4.0,2.0,1.0,4.0,4.0,40.0,40.0,38.0,36.0,0.0,1.0,5.0,14.0,0,,11074.0,0.0,0.0
594,44.0,5.0,第3节,第3节,5.5,0.83,-5.5,0.83,134.5,0.83,134.5,0.83,5.5,3.0,,1.0,2.0,4.0,15.0,10.0,2.0,4.0,2.0,1.0,4.0,4.0,40.0,40.0,36.0,38.0,0.0,1.0,5.0,14.0,0,,21077.0,0.0,0.0
595,44.0,5.0,第3节,第3节,5.5,0.83,-6.5,0.83,134.5,0.83,134.5,0.83,-6.5,3.0,,1.0,2.0,4.0,15.0,10.0,2.0,4.0,2.0,1.0,4.0,4.0,40.0,40.0,36.0,38.0,0.0,1.0,5.0,14.0,0,,21077.0,0.0,0.0
596,44.0,5.0,第3节,第3节,6.5,0.83,-6.5,0.83,134.5,0.83,134.5,0.83,6.5,3.0,,1.0,2.0,4.0,15.0,10.0,2.0,4.0,2.0,1.0,4.0,4.0,40.0,40.0,36.0,38.0,0.0,1.0,4.0,59.0,0,,21077.0,0.0,0.0
597,44.0,5.0,第3节,第3节,6.5,0.83,-6.5,0.83,134.5,0.83,134.5,0.83,6.5,3.0,,1.0,2.0,4.0,15.0,10.0,2.0,4.0,2.0,1.0,4.0,4.0,40.0,40.0,36.0,38.0,0.0,1.0,4.0,59.0,0,,21077.0,0.0,0.0
598,44.0,5.0,第3节,第3节,6.5,0.83,-6.5,0.83,134.5,0.83,134.5,0.83,6.5,3.0,,1.0,2.0,4.0,15.0,10.0,2.0,4.0,2.0,1.0,4.0,4.0,40.0,40.0,36.0,38.0,0.0,1.0,4.0,54.0,0,,21077.0,0.0,0.0
599,44.0,5.0,第3节,第3节,6.5,0.83,-6.5,0.83,134.5,0.83,134.5,0.83,6.5,3.0,,1.0,2.0,4.0,15.0,10.0,2.0,4.0,2.0,1.0,4.0,4.0,40.0,40.0,36.0,38.0,0.0,1.0,4.0,54.0,0,,21077.0,0.0,0.0
600,44.0,5.0,第3节,第3节,6.5,0.83,-6.5,0.83,134.5,0.83,134.5,0.83,6.5,3.0,,1.0,2.0,4.0,15.0,10.0,2.0,4.0,2.0,1.0,4.0,4.0,40.0,40.0,36.0,38.0,0.0,1.0,4.0,41.0,0,,21077.0,0.0,0.0
601,44.0,5.0,第3节,第3节,6.5,0.83,-6.5,0.83,134.5,0.83,134.5,0.83,6.5,3.0,,1.0,2.0,4.0,15.0,10.0,2.0,4.0,2.0,1.0,5.0,4.0,40.0,40.0,36.0,38.0,0.0,1.0,4.0,41.0,0,,11086.0,0.0,0.0
602,44.0,5.0,第3节,第3节,6.5,0.83,-6.5,0.83,134.5,0.83,134.5,0.83,6.5,3.0,,1.0,2.0,4.0,15.0,10.0,2.0,4.0,2.0,1.0,5.0,4.0,40.0,40.0,36.0,38.0,0.0,1.0,4.0,41.0,0,,21077.0,0.0,0.0
603,44.0,5.0,第3节,第3节,6.5,0.83,-6.5,0.83,134.5,0.83,134.5,0.83,6.5,3.0,1:2,1.0,2.0,4.0,15.0,10.0,2.0,4.0,2.0,1.0,5.0,4.0,40.0,40.0,36.0,38.0,1.0,1.0,4.0,41.0,0,,21078.0,0.0,0.0
604,44.0,5.0,第3节,第3节,6.5,0.83,-6.5,0.83,134.5,0.83,134.5,0.83,6.5,3.0,1:2,1.0,2.0,4.0,15.0,10.0,2.0,4.0,2.0,1.0,5.0,4.0,40.0,40.0,36.0,38.0,1.0,1.0,4.0,41.0,0,,21078.0,0.0,0.0
605,44.0,5.0,第3节,第3节,6.5,0.83,-6.5,0.83,134.5,0.83,134.5,0.83,6.5,3.0,1:2,1.0,2.0,4.0,15.0,10.0,2.0,4.0,2.0,1.0,5.0,4.0,40.0,40.0,36.0,38.0,0.0,1.0,4.0,41.0,0,,21078.0,0.0,0.0
606,44.0,5.0,第3节,第3节,6.5,0.8,-6.5,0.87,134.5,0.83,134.5,0.83,6.5,3.0,1:2,1.0,2.0,4.0,15.0,10.0,2.0,4.0,2.0,1.0,5.0,4.0,40.0,40.0,36.0,38.0,0.0,1.0,4.0,41.0,0,,21078.0,0.0,0.0
607,44.0,5.0,第3节,第3节,6.5,0.83,-6.5,0.83,134.5,0.83,134.5,0.83,6.5,3.0,1:2,1.0,2.0,4.0,15.0,10.0,2.0,4.0,2.0,1.0,5.0,4.0,40.0,36.4,36.0,38.0,0.0,1.0,4.0,41.0,0,,21080.0,0.0,0.0
608,44.0,5.0,第3节,第3节,6.5,0.83,-6.5,0.83,134.5,0.83,134.5,0.83,6.5,3.0,2:2,1.0,2.0,4.0,15.0,10.0,2.0,4.0,2.0,1.0,5.0,4.0,40.0,36.4,36.0,38.0,0.0,1.0,4.0,41.0,0,,21078.0,0.0,0.0
609,44.0,5.0,第3节,第3节,6.5,0.83,-6.5,0.83,134.5,0.83,134.5,0.83,6.5,3.0,2:2,1.0,2.0,4.0,15.0,10.0,2.0,4.0,2.0,1.0,5.0,4.0,40.0,33.3,36.0,38.0,0.0,1.0,4.0,41.0,0,,21080.0,0.0,0.0
610,44.0,5.0,第3节,第3节,6.5,0.83,-7.5,0.83,134.5,0.83,134.5,0.83,-7.5,3.0,,1.0,2.0,4.0,15.0,10.0,2.0,4.0,2.0,1.0,5.0,4.0,40.0,33.3,36.0,38.0,0.0,1.0,4.0,41.0,0,,11077.0,0.0,0.0
611,44.0,5.0,第3节,第3节,7.5,0.83,-7.5,0.83,134.5,0.83,134.5,0.83,7.5,3.0,,1.0,2.0,4.0,15.0,10.0,2.0,4.0,2.0,1.0,5.0,4.0,40.0,33.3,36.0,38.0,0.0,1.0,4.0,18.0,0,,11077.0,0.0,0.0
612,44.0,5.0,第3节,第3节,7.5,0.83,-7.5,0.83,134.5,0.83,134.5,0.83,7.5,3.0,,1.0,2.0,4.0,16.0,10.0,2.0,4.0,2.0,1.0,5.0,4.0,40.0,33.3,40.0,38.0,0.0,1.0,4.0,18.0,0,,11074.0,0.0,0.0
613,44.0,5.0,第3节,第3节,7.5,0.8,-7.5,0.87,134.5,0.83,134.5,0.83,7.5,3.0,,1.0,2.0,4.0,16.0,10.0,2.0,4.0,2.0,1.0,5.0,4.0,40.0,33.3,36.0,40.0,0.0,1.0,4.0,18.0,0,,21077.0,0.0,0.0
614,44.0,5.0,第3节,第3节,7.5,0.8,-7.5,0.87,134.5,0.83,134.5,0.83,7.5,3.0,,1.0,2.0,4.0,16.0,10.0,2.0,4.0,2.0,1.0,5.0,4.0,40.0,33.3,36.0,40.0,0.0,1.0,4.0,17.0,0,,21077.0,0.0,0.0
615,44.0,5.0,第3节,第3节,7.5,0.77,-8.5,0.91,134.5,0.83,134.5,0.83,-8.5,3.0,,1.0,2.0,4.0,16.0,10.0,2.0,4.0,2.0,1.0,5.0,4.0,40.0,33.3,36.0,40.0,0.0,1.0,4.0,17.0,0,,21077.0,0.0,0.0
616,44.0,5.0,第3节,第3节,8.5,0.77,-8.5,0.91,134.5,0.83,134.5,0.83,8.5,3.0,,1.0,2.0,4.0,16.0,10.0,2.0,4.0,2.0,1.0,5.0,4.0,40.0,33.3,36.0,40.0,0.0,1.0,4.0,16.0,0,,21077.0,0.0,0.0
617,44.0,5.0,第3节,第3节,8.5,0.87,-8.5,0.8,134.5,0.83,134.5,0.83,8.5,3.0,,1.0,2.0,4.0,16.0,10.0,2.0,4.0,2.0,1.0,5.0,4.0,40.0,33.3,36.0,40.0,0.0,1.0,3.0,16.0,0,,11077.0,0.0,0.0
618,44.0,5.0,第3节,第3节,8.5,0.87,-8.5,0.8,134.5,0.83,134.5,0.83,8.5,3.0,,1.0,2.0,4.0,16.0,10.0,2.0,4.0,2.0,1.0,5.0,4.0,40.0,33.3,36.0,40.0,0.0,1.0,3.0,58.0,0,,11077.0,0.0,0.0
619,44.0,5.0,第3节,第3节,8.5,0.87,-8.5,0.8,134.5,0.83,134.5,0.83,8.5,3.0,,1.0,2.0,4.0,17.0,10.0,2.0,4.0,2.0,1.0,5.0,4.0,40.0,33.3,42.0,40.0,0.0,1.0,3.0,58.0,0,,11074.0,0.0,0.0
620,44.0,5.0,第3节,第3节,8.5,0.87,-8.5,0.8,134.5,0.83,134.5,0.83,8.5,3.0,,1.0,2.0,4.0,17.0,10.0,2.0,4.0,2.0,1.0,5.0,4.0,40.0,33.3,36.0,42.0,0.0,1.0,3.0,58.0,0,,21077.0,0.0,0.0
621,44.0,5.0,第3节,第3节,8.5,0.83,-9.5,0.83,134.5,0.83,134.5,0.83,-9.5,3.0,,1.0,2.0,4.0,17.0,10.0,2.0,4.0,2.0,1.0,5.0,4.0,40.0,33.3,36.0,42.0,0.0,1.0,3.0,58.0,0,,21077.0,0.0,0.0
622,44.0,5.0,第3节,第3节,9.5,0.83,-9.5,0.83,134.5,0.83,134.5,0.83,9.5,3.0,,1.0,2.0,4.0,17.0,10.0,2.0,4.0,2.0,1.0,5.0,4.0,40.0,33.3,36.0,42.0,0.0,1.0,3.0,49.0,0,,21077.0,0.0,0.0
623,44.0,5.0,第3节,第3节,8.5,0.87,-9.5,0.83,134.5,0.83,134.5,0.83,8.5,3.0,,1.0,2.0,4.0,17.0,10.0,2.0,4.0,2.0,1.0,5.0,4.0,40.0,33.3,36.0,42.0,0.0,1.0,3.0,49.0,0,,21077.0,0.0,0.0
624,44.0,5.0,第3节,第3节,9.5,0.83,-9.5,0.83,134.5,0.83,134.5,0.83,9.5,3.0,,1.0,2.0,4.0,17.0,10.0,2.0,4.0,2.0,1.0,5.0,4.0,40.0,33.3,36.0,42.0,0.0,1.0,3.0,44.0,0,,21077.0,0.0,0.0
625,44.0,5.0,第3节,第3节,9.5,0.83,-9.5,0.83,134.5,0.83,134.5,0.83,9.5,3.0,,1.0,2.0,4.0,17.0,10.0,2.0,4.0,2.0,1.0,5.0,4.0,40.0,33.3,36.0,42.0,0.0,1.0,3.0,44.0,0,,21077.0,0.0,0.0
626,44.0,5.0,第3节,第3节,9.5,0.83,-9.5,0.83,134.5,0.83,134.5,0.83,9.5,3.0,,1.0,2.0,4.0,17.0,10.0,2.0,4.0,2.0,1.0,5.0,4.0,40.0,33.3,36.0,42.0,0.0,1.0,3.0,43.0,0,,21077.0,0.0,0.0
627,44.0,5.0,第3节,第3节,9.5,0.83,-9.5,0.83,134.5,0.83,134.5,0.83,9.5,3.0,,1.0,2.0,4.0,17.0,10.0,2.0,4.0,2.0,0.0,5.0,4.0,40.0,33.3,36.0,42.0,0.0,1.0,3.0,43.0,0,,21081.0,0.0,0.0
628,44.0,5.0,第3节,第3节,9.5,0.83,-9.5,0.83,134.5,0.83,134.5,0.83,9.5,3.0,,1.0,2.0,4.0,17.0,10.0,2.0,4.0,2.0,0.0,5.0,4.0,40.0,33.3,36.0,42.0,0.0,1.0,3.0,51.0,0,,21081.0,0.0,0.0
629,44.0,5.0,第3节,第3节,9.5,0.83,-10.5,0.83,134.5,0.83,134.5,0.83,-10.5,3.0,,1.0,2.0,4.0,17.0,10.0,2.0,4.0,2.0,0.0,5.0,4.0,40.0,33.3,36.0,42.0,0.0,1.0,3.0,51.0,0,,21077.0,0.0,0.0
630,44.0,5.0,第3节,第3节,10.5,0.83,-10.5,0.83,134.5,0.83,134.5,0.83,10.5,3.0,,1.0,2.0,4.0,17.0,10.0,2.0,4.0,2.0,0.0,5.0,4.0,40.0,33.3,36.0,42.0,0.0,1.0,3.0,32.0,0,,11077.0,0.0,0.0
631,44.0,5.0,第3节,第3节,10.5,0.83,-9.5,0.83,134.5,0.83,134.5,0.83,-9.5,3.0,,1.0,2.0,4.0,17.0,10.0,2.0,4.0,2.0,0.0,5.0,4.0,40.0,33.3,36.0,42.0,0.0,1.0,3.0,32.0,0,,11077.0,0.0,0.0
632,44.0,5.0,第3节,第3节,9.5,0.83,-9.5,0.83,134.5,0.83,134.5,0.83,9.5,3.0,,1.0,2.0,4.0,17.0,10.0,2.0,4.0,2.0,0.0,5.0,4.0,40.0,33.3,36.0,42.0,0.0,1.0,3.0,13.0,0,,11077.0,0.0,0.0
633,44.0,5.0,第3节,第3节,9.5,0.83,-9.5,0.83,134.5,0.83,134.5,0.83,9.5,3.0,,1.0,2.0,4.0,17.0,10.0,2.0,4.0,2.0,0.0,5.0,4.0,40.0,33.3,36.0,42.0,0.0,1.0,3.0,13.0,0,,21077.0,0.0,0.0
634,44.0,5.0,第3节,第3节,9.5,0.83,-9.5,0.83,134.5,0.83,134.5,0.83,9.5,3.0,,1.0,2.0,4.0,17.0,10.0,2.0,4.0,2.0,0.0,5.0,4.0,40.0,33.3,36.0,42.0,0.0,1.0,3.0,7.0,0,,21077.0,0.0,0.0
635,44.0,5.0,第3节,第3节,9.5,0.83,-10.5,0.83,134.5,0.83,134.5,0.83,-10.5,3.0,,1.0,2.0,4.0,17.0,10.0,2.0,4.0,2.0,0.0,5.0,4.0,40.0,33.3,36.0,42.0,0.0,1.0,3.0,7.0,0,,11077.0,0.0,0.0
636,44.0,5.0,第3节,第3节,10.5,0.83,-10.5,0.83,134.5,0.83,134.5,0.83,10.5,3.0,,1.0,2.0,4.0,17.0,10.0,2.0,4.0,2.0,0.0,5.0,4.0,40.0,33.3,36.0,42.0,0.0,1.0,2.0,53.0,0,,11077.0,0.0,0.0
637,44.0,5.0,第3节,第3节,10.5,0.83,-10.5,0.83,134.5,0.83,134.5,0.83,10.5,3.0,,1.0,2.0,4.0,17.0,10.0,2.0,4.0,2.0,0.0,5.0,4.0,40.0,33.3,36.0,42.0,0.0,1.0,2.0,53.0,0,,11077.0,0.0,0.0
638,44.0,5.0,第3节,第3节,10.5,0.83,-10.5,0.83,134.5,0.83,134.5,0.83,10.5,3.0,,1.0,2.0,4.0,17.0,10.0,2.0,4.0,2.0,0.0,5.0,4.0,40.0,33.3,36.0,42.0,0.0,1.0,2.0,41.0,0,,11077.0,0.0,0.0
639,44.0,5.0,第3节,第3节,10.5,0.83,-10.5,0.83,134.5,0.83,134.5,0.83,10.5,3.0,,1.0,2.0,4.0,18.0,10.0,2.0,4.0,2.0,0.0,5.0,4.0,40.0,33.3,44.0,42.0,0.0,1.0,2.0,41.0,0,,11074.0,0.0,0.0
640,44.0,5.0,第3节,第3节,10.5,0.83,-10.5,0.83,134.5,0.83,134.5,0.83,10.5,3.0,,1.0,2.0,4.0,18.0,10.0,2.0,4.0,2.0,0.0,5.0,4.0,40.0,33.3,36.0,44.0,0.0,1.0,2.0,41.0,0,,21077.0,0.0,0.0
641,44.0,5.0,第3节,第3节,10.5,0.83,-10.5,0.83,134.5,0.83,134.5,0.83,10.5,3.0,,1.0,2.0,4.0,18.0,10.0,2.0,4.0,2.0,0.0,5.0,4.0,40.0,33.3,36.0,44.0,0.0,1.0,2.0,38.0,0,,21077.0,0.0,0.0
642,44.0,5.0,第3节,第3节,10.5,0.8,-11.5,0.87,134.5,0.83,134.5,0.83,-11.5,3.0,,1.0,2.0,4.0,18.0,10.0,2.0,4.0,2.0,0.0,5.0,4.0,40.0,33.3,36.0,44.0,0.0,1.0,2.0,38.0,0,,21077.0,0.0,0.0
643,44.0,5.0,第3节,第3节,11.5,0.8,-11.5,0.87,134.5,0.83,134.5,0.83,11.5,3.0,,1.0,2.0,4.0,18.0,10.0,2.0,4.0,2.0,0.0,5.0,4.0,40.0,33.3,36.0,44.0,0.0,1.0,2.0,36.0,0,,21077.0,0.0,0.0
644,44.0,5.0,第3节,第3节,11.5,0.8,-12.5,0.87,134.5,0.83,134.5,0.83,-12.5,3.0,,1.0,2.0,4.0,18.0,10.0,2.0,4.0,2.0,0.0,5.0,4.0,40.0,33.3,36.0,44.0,0.0,1.0,2.0,36.0,0,,11077.0,0.0,0.0
645,44.0,5.0,第3节,第3节,12.5,0.8,-12.5,0.87,134.5,0.83,134.5,0.83,12.5,3.0,,1.0,2.0,4.0,18.0,10.0,2.0,4.0,2.0,0.0,5.0,4.0,40.0,33.3,36.0,44.0,0.0,1.0,2.0,16.0,0,,11077.0,0.0,0.0
646,44.0,5.0,第3节,第3节,12.5,0.8,-12.5,0.87,134.5,0.83,134.5,0.83,12.5,3.0,,1.0,2.0,4.0,18.0,10.0,2.0,4.0,2.0,0.0,5.0,4.0,40.0,33.3,36.0,44.0,0.0,1.0,2.0,16.0,0,,11077.0,0.0,0.0
647,44.0,5.0,第3节,第3节,12.5,0.8,-12.5,0.87,134.5,0.83,134.5,0.83,12.5,3.0,,1.0,2.0,4.0,18.0,10.0,2.0,4.0,2.0,0.0,5.0,4.0,40.0,33.3,36.0,44.0,0.0,1.0,2.0,12.0,0,,11077.0,0.0,0.0
648,44.0,5.0,第3节,第3节,12.5,0.8,-12.5,0.87,134.5,0.83,134.5,0.83,12.5,3.0,,1.0,2.0,4.0,18.0,10.0,2.0,4.0,2.0,0.0,5.0,5.0,40.0,33.3,36.0,44.0,0.0,1.0,2.0,12.0,0,,21086.0,0.0,0.0
649,44.0,5.0,第3节,第3节,12.5,0.83,-12.5,0.83,134.5,0.83,134.5,0.83,12.5,3.0,,1.0,2.0,4.0,18.0,10.0,2.0,4.0,2.0,0.0,5.0,5.0,40.0,33.3,36.0,44.0,0.0,1.0,2.0,12.0,0,,11077.0,0.0,0.0
650,44.0,5.0,第3节,第3节,12.5,0.83,-12.5,0.83,134.5,0.83,134.5,0.83,12.5,3.0,1:2,1.0,2.0,4.0,18.0,10.0,2.0,4.0,2.0,0.0,5.0,5.0,40.0,33.3,45.0,44.0,0.0,1.0,2.0,12.0,0,,11078.0,0.0,0.0
651,44.0,5.0,第3节,第3节,12.5,0.83,-12.5,0.83,134.5,0.83,134.5,0.83,12.5,3.0,1:2,1.0,2.0,4.0,18.0,10.0,3.0,4.0,2.0,0.0,5.0,5.0,50.0,33.3,45.0,44.0,0.0,1.0,2.0,12.0,0,,11079.0,0.0,0.0
652,44.0,5.0,第3节,第3节,12.5,0.83,-12.5,0.83,134.5,0.83,134.5,0.83,12.5,3.0,2:2,1.0,2.0,4.0,18.0,10.0,3.0,4.0,2.0,0.0,5.0,5.0,50.0,33.3,36.0,45.0,0.0,1.0,2.0,12.0,0,,11078.0,0.0,0.0
653,44.0,5.0,第3节,第3节,12.5,0.83,-12.5,0.83,134.5,0.83,134.5,0.83,12.5,3.0,2:2,1.0,2.0,4.0,18.0,10.0,4.0,4.0,2.0,0.0,5.0,5.0,57.1,33.3,46.0,45.0,0.0,1.0,2.0,12.0,0,,11079.0,0.0,0.0
654,44.0,5.0,第3节,第3节,12.5,0.83,-12.5,0.83,134.5,0.83,134.5,0.83,12.5,3.0,,1.0,2.0,4.0,18.0,10.0,4.0,4.0,2.0,0.0,5.0,5.0,57.1,33.3,36.0,46.0,0.0,1.0,2.0,12.0,0,,21077.0,0.0,0.0
655,44.0,5.0,第3节,第3节,12.5,0.91,-12.5,0.77,134.5,0.83,134.5,0.83,12.5,3.0,,1.0,2.0,4.0,18.0,10.0,4.0,4.0,2.0,0.0,5.0,5.0,57.1,33.3,36.0,46.0,0.0,1.0,1.0,56.0,0,,21077.0,0.0,0.0
656,44.0,5.0,第3节,第3节,12.5,0.91,-13.5,0.77,134.5,0.83,134.5,0.83,-13.5,3.0,,1.0,2.0,4.0,18.0,10.0,4.0,4.0,2.0,0.0,5.0,5.0,57.1,33.3,36.0,46.0,0.0,1.0,1.0,56.0,0,,11077.0,0.0,0.0
657,44.0,5.0,第3节,第3节,13.5,0.91,-13.5,0.77,134.5,0.83,134.5,0.83,13.5,3.0,,1.0,2.0,4.0,18.0,10.0,4.0,4.0,2.0,0.0,5.0,5.0,57.1,33.3,36.0,46.0,0.0,1.0,1.0,35.0,0,,11077.0,0.0,0.0
658,44.0,5.0,第3节,第3节,13.5,0.87,-13.5,0.8,134.5,0.83,134.5,0.83,13.5,3.0,,1.0,2.0,4.0,19.0,10.0,4.0,4.0,2.0,0.0,5.0,5.0,57.1,33.3,48.0,46.0,0.0,1.0,1.0,35.0,0,,11074.0,0.0,0.0
659,44.0,5.0,第3节,第3节,13.5,0.87,-13.5,0.8,134.5,0.83,134.5,0.83,13.5,3.0,,1.0,2.0,4.0,19.0,10.0,4.0,4.0,2.0,0.0,5.0,5.0,57.1,33.3,36.0,48.0,0.0,1.0,1.0,35.0,0,,21077.0,0.0,0.0
660,44.0,5.0,第3节,第3节,13.5,0.87,-14.5,0.8,134.5,0.83,134.5,0.83,-14.5,3.0,,1.0,2.0,4.0,19.0,10.0,4.0,4.0,2.0,0.0,5.0,5.0,57.1,33.3,36.0,48.0,0.0,1.0,1.0,34.0,0,,21077.0,0.0,0.0
661,44.0,5.0,第3节,第3节,14.5,0.83,-14.5,0.83,134.5,0.83,134.5,0.83,14.5,3.0,,1.0,2.0,4.0,19.0,10.0,4.0,4.0,2.0,0.0,5.0,5.0,57.1,33.3,36.0,48.0,0.0,1.0,1.0,34.0,0,,21077.0,0.0,0.0
662,44.0,5.0,第3节,第3节,14.5,0.83,-14.5,0.83,134.5,0.83,134.5,0.83,14.5,3.0,,1.0,2.0,4.0,19.0,10.0,4.0,4.0,2.0,0.0,5.0,5.0,57.1,33.3,36.0,48.0,0.0,1.0,1.0,31.0,0,,21077.0,0.0,0.0
663,44.0,5.0,第3节,第3节,14.5,0.83,-14.5,0.83,134.5,0.83,134.5,0.83,14.5,3.0,,1.0,2.0,4.0,19.0,10.0,4.0,4.0,2.0,0.0,5.0,5.0,57.1,33.3,36.0,48.0,0.0,1.0,1.0,31.0,0,,21077.0,0.0,0.0
664,44.0,5.0,第3节,第3节,14.5,0.83,-14.5,0.83,134.5,0.83,134.5,0.83,14.5,3.0,,1.0,2.0,4.0,19.0,10.0,4.0,4.0,2.0,0.0,5.0,5.0,57.1,33.3,36.0,48.0,0.0,1.0,1.0,23.0,0,,21077.0,0.0,0.0
665,44.0,5.0,第3节,第3节,14.5,0.83,-14.5,0.83,134.5,0.83,134.5,0.83,14.5,3.0,,1.0,2.0,4.0,19.0,10.0,4.0,4.0,2.0,0.0,6.0,5.0,57.1,33.3,36.0,48.0,0.0,1.0,1.0,23.0,0,,11086.0,0.0,0.0
666,44.0,5.0,第3节,第3节,14.5,0.83,-14.5,0.83,134.5,0.83,134.5,0.83,14.5,3.0,,1.0,2.0,4.0,19.0,10.0,4.0,4.0,2.0,0.0,6.0,5.0,57.1,33.3,36.0,48.0,1.0,1.0,1.0,23.0,0,,21077.0,0.0,0.0
667,44.0,5.0,第3节,第3节,14.5,0.83,-14.5,0.83,134.5,0.83,134.5,0.83,14.5,3.0,1:2,1.0,2.0,4.0,19.0,10.0,4.0,4.0,2.0,0.0,6.0,5.0,57.1,33.3,36.0,48.0,1.0,1.0,1.0,23.0,0,,21078.0,0.0,0.0
668,44.0,5.0,第3节,第3节,14.5,0.83,-14.5,0.83,134.5,0.83,134.5,0.83,14.5,3.0,1:2,1.0,2.0,4.0,19.0,10.0,4.0,4.0,2.0,0.0,6.0,5.0,57.1,33.3,36.0,48.0,0.0,1.0,1.0,23.0,0,,21078.0,0.0,0.0
669,44.0,5.0,第3节,第3节,14.5,0.77,-15.5,0.91,134.5,0.83,134.5,0.83,-15.5,3.0,1:2,1.0,2.0,4.0,19.0,10.0,4.0,4.0,2.0,0.0,6.0,5.0,57.1,33.3,36.0,48.0,0.0,1.0,1.0,23.0,0,,21078.0,0.0,0.0
670,44.0,5.0,第3节,第3节,15.5,0.77,-15.5,0.91,134.5,0.83,134.5,0.83,15.5,3.0,1:2,1.0,2.0,4.0,19.0,10.0,4.0,4.0,2.0,0.0,6.0,5.0,57.1,30.8,36.0,48.0,0.0,1.0,1.0,23.0,0,,21080.0,0.0,0.0
671,44.0,5.0,第3节,第3节,15.5,0.77,-15.5,0.91,134.5,0.83,134.5,0.83,15.5,3.0,2:2,1.0,2.0,4.0,19.0,10.0,4.0,4.0,2.0,0.0,6.0,5.0,57.1,30.8,36.0,37.0,0.0,1.0,1.0,23.0,0,,21078.0,0.0,0.0
672,44.0,5.0,第3节,第3节,15.5,0.77,-15.5,0.91,134.5,0.83,134.5,0.83,15.5,3.0,2:2,1.0,2.0,4.0,19.0,10.0,4.0,5.0,2.0,0.0,6.0,5.0,57.1,35.7,36.0,37.0,0.0,1.0,1.0,23.0,0,,21079.0,0.0,0.0
673,44.0,5.0,第3节,第3节,15.5,0.77,-15.5,0.91,134.5,0.83,134.5,0.83,15.5,3.0,,1.0,2.0,4.0,19.0,10.0,4.0,5.0,2.0,0.0,6.0,5.0,57.1,35.7,37.0,48.0,0.0,1.0,1.0,23.0,0,,11077.0,0.0,0.0
674,44.0,5.0,第3节,第3节,15.5,0.87,-14.5,0.8,134.5,0.83,134.5,0.83,-14.5,3.0,,1.0,2.0,4.0,19.0,10.0,4.0,5.0,2.0,0.0,6.0,5.0,57.1,35.7,37.0,48.0,0.0,1.0,1.0,23.0,0,,11077.0,0.0,0.0
675,44.0,5.0,第3节,第3节,14.5,0.87,-14.5,0.83,134.5,0.83,134.5,0.83,14.5,3.0,,1.0,2.0,4.0,19.0,10.0,4.0,5.0,2.0,0.0,6.0,5.0,57.1,35.7,37.0,48.0,0.0,1.0,1.0,23.0,0,,21077.0,0.0,0.0
676,44.0,5.0,第3节,第3节,14.5,0.83,-13.5,0.83,134.5,0.83,134.5,0.83,-13.5,3.0,,1.0,2.0,4.0,19.0,10.0,4.0,5.0,2.0,0.0,6.0,5.0,57.1,35.7,37.0,48.0,0.0,1.0,1.0,23.0,0,,21077.0,0.0,0.0
677,44.0,5.0,第3节,第3节,13.5,0.83,-13.5,0.83,134.5,0.83,134.5,0.83,13.5,3.0,,1.0,2.0,4.0,19.0,10.0,4.0,5.0,2.0,0.0,6.0,5.0,57.1,35.7,37.0,48.0,0.0,1.0,1.0,5.0,0,,21077.0,0.0,0.0
678,44.0,5.0,第3节,第3节,13.5,0.83,-13.5,0.83,134.5,0.83,134.5,0.83,13.5,3.0,,1.0,2.0,4.0,19.0,10.0,4.0,5.0,2.0,0.0,6.0,5.0,57.1,35.7,37.0,48.0,0.0,1.0,0.0,5.0,0,,21077.0,0.0,0.0
679,44.0,5.0,第3节,第3节,13.5,0.83,-13.5,0.83,134.5,0.83,134.5,0.83,13.5,3.0,,1.0,2.0,4.0,19.0,10.0,4.0,5.0,2.0,0.0,6.0,5.0,57.1,35.7,37.0,48.0,0.0,1.0,0.0,57.0,0,,21077.0,0.0,0.0
680,44.0,5.0,第3节,第3节,13.5,0.83,-13.5,0.83,134.5,0.83,134.5,0.83,13.5,3.0,,1.0,2.0,4.0,19.0,10.0,4.0,5.0,2.0,0.0,7.0,5.0,57.1,35.7,37.0,48.0,0.0,1.0,0.0,57.0,0,,11086.0,0.0,0.0
681,44.0,5.0,第3节,第3节,13.5,0.83,-13.5,0.83,134.5,0.83,134.5,0.83,13.5,3.0,,1.0,2.0,4.0,19.0,10.0,4.0,5.0,2.0,0.0,7.0,5.0,57.1,35.7,37.0,48.0,0.0,1.0,0.0,57.0,0,,21077.0,0.0,0.0
682,44.0,5.0,第3节,第3节,13.5,0.8,-13.5,0.87,134.5,0.83,134.5,0.83,13.5,3.0,1:2,1.0,2.0,4.0,19.0,10.0,4.0,5.0,2.0,0.0,7.0,5.0,57.1,35.7,37.0,48.0,0.0,1.0,0.0,57.0,0,,21078.0,0.0,0.0
683,44.0,5.0,第3节,第3节,13.5,0.8,-13.5,0.87,134.5,0.83,134.5,0.83,13.5,3.0,1:2,1.0,2.0,4.0,19.0,10.0,4.0,5.0,2.0,0.0,7.0,5.0,57.1,33.3,37.0,48.0,0.0,1.0,0.0,57.0,0,,21080.0,0.0,0.0
684,44.0,5.0,第3节,第3节,13.5,0.91,-13.5,0.77,134.5,0.83,134.5,0.83,13.5,3.0,2:2,1.0,2.0,4.0,19.0,10.0,4.0,5.0,2.0,0.0,7.0,5.0,57.1,33.3,37.0,48.0,0.0,1.0,0.0,57.0,0,,21078.0,0.0,0.0
685,44.0,5.0,第3节,第3节,13.5,0.83,-13.5,0.83,134.5,0.83,134.5,0.83,13.5,3.0,2:2,1.0,2.0,4.0,19.0,10.0,4.0,6.0,2.0,0.0,7.0,5.0,57.1,37.5,37.0,38.0,0.0,1.0,0.0,57.0,0,,21079.0,0.0,0.0
686,44.0,5.0,第3节,第3节,13.5,0.83,-13.5,0.83,134.5,0.83,134.5,0.83,13.5,3.0,,1.0,2.0,4.0,19.0,10.0,4.0,6.0,2.0,0.0,7.0,5.0,57.1,37.5,38.0,48.0,0.0,1.0,0.0,57.0,0,,11077.0,0.0,0.0
687,44.0,5.0,第3节,第3节,13.5,0.83,-13.5,0.83,134.5,0.83,134.5,0.83,13.5,3.0,,1.0,2.0,4.0,19.0,10.0,4.0,6.0,2.0,0.0,7.0,5.0,57.1,37.5,38.0,48.0,0.0,1.0,0.0,43.0,0,,11077.0,0.0,0.0
688,44.0,5.0,第3节,第3节,13.5,0.83,-12.5,0.83,134.5,0.83,134.5,0.83,-12.5,3.0,,1.0,2.0,4.0,19.0,10.0,4.0,6.0,2.0,0.0,7.0,5.0,57.1,37.5,38.0,48.0,0.0,1.0,0.0,43.0,0,,21077.0,0.0,0.0
689,44.0,5.0,第3节,第3节,12.5,0.83,-12.5,0.83,134.5,0.83,134.5,0.83,12.5,3.0,,1.0,2.0,4.0,19.0,10.0,4.0,6.0,2.0,0.0,7.0,5.0,57.1,37.5,38.0,48.0,0.0,1.0,0.0,43.0,0,,11077.0,0.0,0.0
690,44.0,5.0,第3节,第3节,12.5,0.83,-13.5,0.83,134.5,0.83,134.5,0.83,-13.5,3.0,,1.0,2.0,4.0,19.0,10.0,4.0,6.0,2.0,0.0,7.0,5.0,57.1,37.5,38.0,48.0,0.0,1.0,0.0,43.0,0,,11077.0,0.0,0.0
691,44.0,5.0,第3节,第3节,13.5,0.83,-13.5,0.83,134.5,0.83,134.5,0.83,13.5,3.0,,1.0,2.0,4.0,19.0,10.0,4.0,6.0,2.0,0.0,7.0,5.0,57.1,37.5,38.0,48.0,0.0,1.0,0.0,34.0,0,,11077.0,0.0,0.0
692,44.0,5.0,第3节,第3节,13.5,0.83,-13.5,0.83,134.5,0.83,134.5,0.83,13.5,3.0,,1.0,3.0,4.0,19.0,10.0,4.0,6.0,2.0,0.0,7.0,5.0,57.1,37.5,51.0,48.0,0.0,1.0,0.0,34.0,0,,11075.0,0.0,0.0
693,44.0,5.0,第3节,第3节,13.5,0.83,-13.5,0.83,134.5,0.83,134.5,0.83,13.5,3.0,,1.0,3.0,4.0,19.0,10.0,4.0,6.0,2.0,0.0,7.0,5.0,57.1,37.5,38.0,51.0,0.0,1.0,0.0,24.0,0,,21077.0,0.0,0.0
694,44.0,5.0,第3节,第3节,13.5,0.83,-15.5,0.83,134.5,0.83,134.5,0.83,-15.5,3.0,,1.0,3.0,4.0,19.0,10.0,4.0,6.0,2.0,0.0,7.0,5.0,57.1,37.5,38.0,51.0,0.0,1.0,0.0,24.0,0,,21077.0,0.0,0.0
695,44.0,5.0,第3节,第3节,15.5,0.83,-15.5,0.83,134.5,0.83,134.5,0.83,15.5,3.0,,1.0,3.0,4.0,19.0,10.0,4.0,6.0,2.0,0.0,7.0,5.0,57.1,37.5,38.0,51.0,0.0,1.0,0.0,22.0,0,,21077.0,0.0,0.0
696,44.0,5.0,第3节,第3节,15.5,0.83,-15.5,0.83,134.5,0.83,134.5,0.83,15.5,3.0,,1.0,3.0,4.0,19.0,10.0,4.0,6.0,2.0,0.0,7.0,5.0,57.1,37.5,38.0,51.0,0.0,1.0,0.0,22.0,0,,21077.0,0.0,0.0
697,44.0,5.0,第3节,第3节,15.5,0.83,-15.5,0.83,134.5,0.83,134.5,0.83,15.5,3.0,,1.0,3.0,4.0,19.0,10.0,4.0,6.0,2.0,0.0,7.0,5.0,57.1,37.5,38.0,51.0,0.0,1.0,0.0,20.0,0,,21077.0,0.0,0.0
698,44.0,5.0,第3节,第3节,15.5,0.83,-15.5,0.83,134.5,0.83,134.5,0.83,15.5,3.0,,1.0,3.0,4.0,19.0,10.0,4.0,6.0,2.0,0.0,7.0,5.0,57.1,37.5,38.0,51.0,0.0,1.0,0.0,20.0,0,,21077.0,0.0,0.0
699,44.0,5.0,第3节,第3节,15.5,0.83,-15.5,0.83,134.5,0.83,134.5,0.83,15.5,3.0,,1.0,3.0,4.0,19.0,10.0,4.0,6.0,2.0,0.0,7.0,5.0,57.1,37.5,38.0,51.0,0.0,1.0,0.0,4.0,0,,21077.0,0.0,0.0
700,44.0,5.0,第3节,第3节,15.5,0.83,-15.5,0.83,134.5,0.83,134.5,0.83,15.5,3.0,,1.0,3.0,4.0,19.0,11.0,4.0,6.0,2.0,0.0,7.0,5.0,57.1,37.5,38.0,40.0,0.0,1.0,0.0,4.0,0,,21074.0,0.0,0.0
701,44.0,5.0,第3节,第3节,15.5,0.83,-15.5,0.83,134.5,0.83,134.5,0.83,15.5,3.0,,1.0,3.0,4.0,19.0,11.0,4.0,6.0,2.0,0.0,7.0,5.0,57.1,37.5,40.0,51.0,0.0,1.0,0.0,4.0,0,,11077.0,0.0,0.0
702,44.0,5.0,第3节,第3节,15.5,0.83,-14.5,0.83,134.5,0.83,134.5,0.83,-14.5,3.0,,1.0,3.0,4.0,19.0,11.0,4.0,6.0,2.0,0.0,7.0,5.0,57.1,37.5,40.0,51.0,0.0,1.0,0.0,4.0,0,,11077.0,0.0,0.0
703,44.0,5.0,第3节,第3节,14.5,0.83,-14.5,0.83,134.5,0.83,134.5,0.83,14.5,3.0,,1.0,3.0,4.0,19.0,11.0,4.0,6.0,2.0,0.0,7.0,5.0,57.1,37.5,40.0,51.0,0.0,1.0,0.0,2.0,0,,11077.0,0.0,0.0
704,44.0,5.0,第3节,第3节,14.5,0.83,-14.5,0.83,134.5,0.83,134.5,0.83,14.5,3.0,,1.0,3.0,4.0,19.0,11.0,4.0,6.0,2.0,0.0,7.0,5.0,57.1,37.5,40.0,51.0,0.0,1.0,10.0,2.0,0,,11077.0,0.0,0.0
705,44.0,5.0,第3节,第3节,14.5,0.83,-14.5,0.83,134.5,0.83,134.5,0.83,14.5,3.0,,1.0,3.0,4.0,19.0,11.0,4.0,6.0,2.0,0.0,7.0,5.0,57.1,37.5,40.0,51.0,0.0,1.0,10.0,0.0,0,,11077.0,0.0,0.0
706,44.0,5.0,第3节,第3节,14.5,0.83,-14.5,0.83,134.5,0.83,134.5,0.83,14.5,3.0,3.0,0.0,3.0,4.0,19.0,11.0,4.0,6.0,2.0,0.0,0.0,5.0,57.1,37.5,40.0,51.0,0.0,1.0,10.0,0.0,0,,1082.0,0.0,0.0
707,44.0,5.0,第3节,第3节,14.5,0.87,-13.5,0.8,134.5,0.83,134.5,0.83,-13.5,3.0,3.0,0.0,3.0,4.0,19.0,11.0,4.0,6.0,2.0,0.0,0.0,0.0,57.1,37.5,40.0,51.0,0.0,1.0,10.0,0.0,0,,1082.0,0.0,0.0
708,44.0,5.0,第3节,第4节,13.5,0.87,-13.5,0.8,134.5,0.83,134.5,0.83,13.5,3.0,3.0,0.0,3.0,4.0,19.0,11.0,4.0,6.0,2.0,0.0,0.0,0.0,57.1,37.5,40.0,51.0,0.0,1.0,10.0,0.0,0,,1082.0,0.0,0.0
709,44.0,5.0,第4节,第4节,13.5,0.87,-13.5,0.8,134.5,0.83,134.5,0.83,13.5,4.0,,0.0,3.0,4.0,19.0,11.0,4.0,6.0,2.0,0.0,0.0,0.0,57.1,37.5,40.0,51.0,0.0,1.0,9.0,59.0,0,,1090.0,0.0,0.0
710,44.0,5.0,第4节,第4节,13.5,0.87,-13.5,0.8,134.5,0.83,134.5,0.83,13.5,4.0,,0.0,3.0,4.0,19.0,11.0,4.0,6.0,2.0,0.0,0.0,0.0,57.1,37.5,40.0,51.0,0.0,1.0,9.0,59.0,0,,21077.0,0.0,0.0
711,44.0,5.0,第4节,第4节,13.5,0.87,-13.5,0.8,134.5,0.83,134.5,0.83,13.5,4.0,,0.0,3.0,4.0,19.0,11.0,4.0,6.0,2.0,0.0,0.0,0.0,57.1,37.5,40.0,51.0,0.0,1.0,9.0,43.0,0,,11077.0,0.0,0.0
712,44.0,5.0,第4节,第4节,13.5,0.87,-13.5,0.8,134.5,0.83,134.5,0.83,13.5,4.0,,0.0,3.0,4.0,19.0,11.0,4.0,6.0,2.0,0.0,0.0,0.0,57.1,37.5,40.0,51.0,0.0,1.0,9.0,43.0,0,,11077.0,0.0,0.0
713,44.0,5.0,第4节,第4节,13.5,0.87,-13.5,0.8,134.5,0.83,134.5,0.83,13.5,4.0,,0.0,3.0,4.0,19.0,11.0,4.0,6.0,2.0,0.0,0.0,0.0,57.1,37.5,40.0,51.0,0.0,1.0,9.0,24.0,0,,11077.0,0.0,0.0
714,44.0,5.0,第4节,第4节,13.5,0.87,-13.5,0.8,134.5,0.83,134.5,0.83,13.5,4.0,,0.0,3.0,4.0,19.0,11.0,4.0,6.0,2.0,0.0,0.0,0.0,57.1,37.5,40.0,51.0,1.0,1.0,9.0,24.0,0,,11077.0,0.0,0.0
715,44.0,5.0,第4节,第4节,13.5,0.87,-13.5,0.8,134.5,0.83,134.5,0.83,13.5,4.0,,0.0,3.0,4.0,19.0,11.0,4.0,6.0,2.0,0.0,0.0,1.0,57.1,37.5,40.0,51.0,1.0,1.0,9.0,24.0,0,,21086.0,0.0,0.0
716,44.0,5.0,第4节,第4节,13.5,0.87,-13.5,0.8,134.5,0.83,134.5,0.83,13.5,4.0,,0.0,3.0,4.0,19.0,11.0,4.0,6.0,2.0,0.0,0.0,1.0,57.1,37.5,40.0,51.0,1.0,1.0,9.0,24.0,0,,11077.0,0.0,0.0
717,44.0,5.0,第4节,第4节,13.5,0.87,-14.5,0.8,134.5,0.83,134.5,0.83,-14.5,4.0,1:2,0.0,3.0,4.0,19.0,11.0,4.0,6.0,2.0,0.0,0.0,1.0,57.1,37.5,40.0,51.0,1.0,1.0,9.0,24.0,0,,11078.0,0.0,0.0
718,44.0,5.0,第4节,第4节,14.5,0.87,-14.5,0.8,134.5,0.83,134.5,0.83,14.5,4.0,1:2,0.0,3.0,4.0,19.0,11.0,4.0,6.0,2.0,0.0,0.0,1.0,57.1,37.5,40.0,51.0,0.0,1.0,9.0,24.0,0,,11078.0,0.0,0.0
719,44.0,5.0,第4节,第4节,14.5,0.87,-14.5,0.8,134.5,0.83,134.5,0.83,14.5,4.0,1:2,0.0,3.0,4.0,19.0,11.0,5.0,6.0,2.0,0.0,0.0,1.0,62.5,37.5,52.0,51.0,0.0,1.0,9.0,24.0,0,,11079.0,0.0,0.0
720,44.0,5.0,第4节,第4节,14.5,0.87,-14.5,0.8,134.5,0.83,134.5,0.83,14.5,4.0,2:2,0.0,3.0,4.0,19.0,11.0,5.0,6.0,2.0,0.0,0.0,1.0,62.5,37.5,40.0,52.0,0.0,1.0,9.0,24.0,0,,11078.0,0.0,0.0
721,44.0,5.0,第4节,第4节,14.5,0.8,-15.5,0.87,134.5,0.83,134.5,0.83,-15.5,4.0,2:2,0.0,3.0,4.0,19.0,11.0,5.0,6.0,2.0,0.0,0.0,1.0,62.5,37.5,40.0,52.0,0.0,1.0,9.0,24.0,0,,11078.0,0.0,0.0
722,44.0,5.0,第4节,第4节,15.5,0.83,-15.5,0.83,134.5,0.83,134.5,0.83,15.5,4.0,2:2,0.0,3.0,4.0,19.0,11.0,6.0,6.0,2.0,0.0,0.0,1.0,66.7,37.5,53.0,52.0,0.0,1.0,9.0,24.0,0,,11079.0,0.0,0.0
723,44.0,5.0,第4节,第4节,15.5,0.83,-15.5,0.83,134.5,0.83,134.5,0.83,15.5,4.0,,0.0,3.0,4.0,19.0,11.0,6.0,6.0,2.0,0.0,0.0,1.0,66.7,37.5,40.0,53.0,0.0,1.0,9.0,24.0,0,,21077.0,0.0,0.0
724,44.0,5.0,第4节,第4节,15.5,0.83,-15.5,0.83,134.5,0.83,134.5,0.83,15.5,4.0,,0.0,3.0,4.0,19.0,12.0,6.0,6.0,2.0,0.0,0.0,1.0,66.7,37.5,40.0,42.0,0.0,1.0,9.0,24.0,0,,21074.0,0.0,0.0
725,44.0,5.0,第4节,第4节,15.5,0.83,-15.5,0.83,134.5,0.83,134.5,0.83,15.5,4.0,,0.0,3.0,4.0,19.0,12.0,6.0,6.0,2.0,0.0,0.0,1.0,66.7,37.5,42.0,53.0,0.0,1.0,9.0,24.0,0,,11077.0,0.0,0.0
726,44.0,5.0,第4节,第4节,15.5,0.87,-13.5,0.8,134.5,0.83,134.5,0.83,-13.5,4.0,,0.0,3.0,4.0,19.0,12.0,6.0,6.0,2.0,0.0,0.0,1.0,66.7,37.5,42.0,53.0,0.0,1.0,9.0,24.0,0,,11077.0,0.0,0.0
727,44.0,5.0,第4节,第4节,13.5,0.87,-13.5,0.8,134.5,0.83,134.5,0.83,13.5,4.0,,0.0,3.0,4.0,19.0,12.0,6.0,6.0,2.0,0.0,0.0,1.0,66.7,37.5,42.0,53.0,0.0,1.0,9.0,7.0,0,,11077.0,0.0,0.0
728,44.0,5.0,第4节,第4节,13.5,0.87,-13.5,0.8,134.5,0.83,134.5,0.83,13.5,4.0,,0.0,3.0,4.0,19.0,12.0,6.0,6.0,2.0,0.0,0.0,1.0,66.7,37.5,42.0,53.0,0.0,1.0,9.0,7.0,0,,11077.0,0.0,0.0
729,44.0,5.0,第4节,第4节,13.5,0.87,-13.5,0.8,134.5,0.83,134.5,0.83,13.5,4.0,,0.0,3.0,4.0,19.0,12.0,6.0,6.0,2.0,0.0,0.0,1.0,66.7,37.5,42.0,53.0,0.0,1.0,9.0,5.0,0,,11077.0,0.0,0.0
730,44.0,5.0,第4节,第4节,13.5,0.8,-15.5,0.87,134.5,0.83,134.5,0.83,-15.5,4.0,,0.0,3.0,4.0,19.0,12.0,6.0,6.0,2.0,0.0,0.0,1.0,66.7,37.5,42.0,53.0,0.0,1.0,9.0,5.0,0,,11077.0,0.0,0.0
731,44.0,5.0,第4节,第4节,15.5,0.8,-15.5,0.87,134.5,0.83,134.5,0.83,15.5,4.0,,0.0,3.0,4.0,20.0,12.0,6.0,6.0,2.0,0.0,0.0,1.0,66.7,37.5,55.0,53.0,0.0,1.0,9.0,5.0,0,,11074.0,0.0,0.0
732,44.0,5.0,第4节,第4节,15.5,0.8,-15.5,0.87,134.5,0.83,134.5,0.83,15.5,4.0,,0.0,3.0,4.0,20.0,12.0,6.0,6.0,2.0,0.0,0.0,1.0,66.7,37.5,42.0,55.0,0.0,1.0,8.0,46.0,0,,21077.0,0.0,0.0
733,44.0,5.0,第4节,第4节,15.5,0.8,-15.5,0.87,134.5,0.83,134.5,0.83,15.5,4.0,,0.0,3.0,4.0,20.0,12.0,6.0,6.0,2.0,0.0,0.0,1.0,66.7,37.5,42.0,55.0,0.0,1.0,8.0,46.0,0,,21077.0,0.0,0.0
734,44.0,5.0,第4节,第4节,15.5,0.8,-15.5,0.87,134.5,0.83,134.5,0.83,15.5,4.0,,0.0,3.0,4.0,20.0,12.0,6.0,6.0,2.0,0.0,0.0,1.0,66.7,37.5,42.0,55.0,0.0,1.0,8.0,44.0,0,,21077.0,0.0,0.0
735,44.0,5.0,第4节,第4节,15.5,0.77,-15.5,0.91,134.5,0.83,134.5,0.83,15.5,4.0,,0.0,3.0,4.0,20.0,12.0,6.0,6.0,2.0,0.0,0.0,1.0,66.7,37.5,42.0,55.0,0.0,1.0,8.0,44.0,0,,21077.0,0.0,0.0
736,44.0,5.0,第4节,第4节,15.5,0.77,-15.5,0.91,134.5,0.83,134.5,0.83,15.5,4.0,,0.0,3.0,4.0,20.0,12.0,6.0,6.0,2.0,0.0,0.0,1.0,66.7,37.5,42.0,55.0,0.0,1.0,8.0,29.0,0,,21077.0,0.0,0.0
737,44.0,5.0,第4节,第4节,15.5,0.87,-13.5,0.8,134.5,0.83,134.5,0.83,-13.5,4.0,,0.0,3.0,4.0,20.0,12.0,6.0,6.0,2.0,0.0,0.0,1.0,66.7,37.5,42.0,55.0,0.0,1.0,8.0,29.0,0,,21077.0,0.0,0.0
738,44.0,5.0,第4节,第4节,13.5,0.87,-13.5,0.8,134.5,0.83,134.5,0.83,13.5,4.0,,0.0,3.0,4.0,20.0,12.0,6.0,6.0,2.0,0.0,0.0,1.0,66.7,37.5,42.0,55.0,0.0,1.0,8.0,27.0,0,,21077.0,0.0,0.0
739,44.0,5.0,第4节,第4节,13.5,0.87,-13.5,0.8,134.5,0.83,134.5,0.83,13.5,4.0,,0.0,3.0,4.0,20.0,13.0,6.0,6.0,2.0,0.0,0.0,1.0,66.7,37.5,42.0,44.0,0.0,1.0,8.0,27.0,0,,21074.0,0.0,0.0
740,44.0,5.0,第4节,第4节,13.5,0.87,-13.5,0.8,134.5,0.83,134.5,0.83,13.5,4.0,,0.0,3.0,4.0,20.0,13.0,6.0,6.0,2.0,0.0,0.0,1.0,66.7,37.5,44.0,55.0,0.0,1.0,8.0,27.0,0,,11077.0,0.0,0.0
741,44.0,5.0,第4节,第4节,13.5,0.87,-13.5,0.8,134.5,0.83,134.5,0.83,13.5,4.0,,0.0,3.0,4.0,20.0,13.0,6.0,6.0,2.0,0.0,0.0,1.0,66.7,37.5,44.0,55.0,0.0,1.0,8.0,26.0,0,,11077.0,0.0,0.0
742,44.0,5.0,第4节,第4节,13.5,0.87,-13.5,0.8,134.5,0.83,134.5,0.83,13.5,4.0,,0.0,3.0,4.0,20.0,13.0,6.0,6.0,2.0,0.0,0.0,1.0,66.7,37.5,44.0,55.0,0.0,1.0,8.0,26.0,0,,11077.0,0.0,0.0
743,44.0,5.0,第4节,第4节,13.5,0.87,-13.5,0.8,134.5,0.83,134.5,0.83,13.5,4.0,,0.0,3.0,4.0,20.0,13.0,6.0,6.0,2.0,0.0,0.0,1.0,66.7,37.5,44.0,55.0,0.0,1.0,8.0,23.0,0,,11077.0,0.0,0.0
744,44.0,5.0,第4节,第4节,13.5,0.87,-13.5,0.8,134.5,0.83,134.5,0.83,13.5,4.0,,0.0,3.0,4.0,20.0,13.0,6.0,6.0,2.0,0.0,0.0,1.0,66.7,37.5,44.0,55.0,0.0,1.0,8.0,23.0,0,,11077.0,0.0,0.0
745,44.0,5.0,第4节,第4节,13.5,0.87,-13.5,0.8,134.5,0.83,134.5,0.83,13.5,4.0,,0.0,3.0,4.0,20.0,13.0,6.0,6.0,2.0,0.0,0.0,1.0,66.7,37.5,44.0,55.0,0.0,1.0,8.0,26.0,0,,11077.0,0.0,0.0
746,44.0,5.0,第4节,第4节,13.5,0.87,-13.5,0.8,134.5,0.83,134.5,0.83,13.5,4.0,,0.0,3.0,4.0,20.0,13.0,6.0,6.0,2.0,0.0,0.0,1.0,66.7,37.5,44.0,55.0,0.0,1.0,8.0,26.0,0,,11077.0,0.0,0.0
747,44.0,5.0,第4节,第4节,13.5,0.87,-13.5,0.8,134.5,0.83,134.5,0.83,13.5,4.0,,0.0,3.0,4.0,20.0,13.0,6.0,6.0,2.0,0.0,0.0,1.0,66.7,37.5,44.0,55.0,0.0,1.0,8.0,6.0,0,,11077.0,0.0,0.0
748,44.0,5.0,第4节,第4节,13.5,0.87,-13.5,0.8,134.5,0.83,134.5,0.83,13.5,4.0,,0.0,4.0,4.0,20.0,13.0,6.0,6.0,2.0,0.0,0.0,1.0,66.7,37.5,58.0,55.0,0.0,1.0,8.0,6.0,0,,11075.0,0.0,0.0
749,44.0,5.0,第4节,第4节,13.5,0.87,-13.5,0.8,134.5,0.83,134.5,0.83,13.5,4.0,,0.0,4.0,4.0,20.0,13.0,6.0,6.0,2.0,0.0,0.0,1.0,66.7,37.5,44.0,58.0,0.0,1.0,8.0,0.0,0,,21077.0,0.0,0.0
750,44.0,5.0,第4节,第4节,13.5,0.87,-15.5,0.8,134.5,0.83,134.5,0.83,-15.5,4.0,,0.0,4.0,4.0,20.0,13.0,6.0,6.0,2.0,0.0,0.0,1.0,66.7,37.5,44.0,58.0,0.0,1.0,8.0,0.0,0,,21077.0,0.0,0.0
751,44.0,5.0,第4节,第4节,15.5,0.87,-15.5,0.8,134.5,0.83,134.5,0.83,15.5,4.0,,0.0,4.0,4.0,20.0,13.0,6.0,6.0,2.0,0.0,0.0,1.0,66.7,37.5,44.0,58.0,0.0,1.0,7.0,58.0,0,,21077.0,0.0,0.0
752,44.0,5.0,第4节,第4节,15.5,0.83,-16.5,0.83,134.5,0.83,134.5,0.83,-16.5,4.0,,0.0,4.0,4.0,20.0,13.0,6.0,6.0,2.0,0.0,0.0,1.0,66.7,37.5,44.0,58.0,0.0,1.0,7.0,58.0,0,,11077.0,0.0,0.0
753,44.0,5.0,第4节,第4节,16.5,0.83,-16.5,0.83,134.5,0.83,134.5,0.83,16.5,4.0,,0.0,4.0,4.0,20.0,13.0,6.0,6.0,2.0,0.0,0.0,1.0,66.7,37.5,44.0,58.0,0.0,1.0,7.0,33.0,0,,11077.0,0.0,0.0
754,44.0,5.0,第4节,第4节,16.5,0.83,-16.5,0.83,134.5,0.83,134.5,0.83,16.5,4.0,,0.0,4.0,4.0,21.0,13.0,6.0,6.0,2.0,0.0,0.0,1.0,66.7,37.5,60.0,58.0,0.0,1.0,7.0,33.0,0,,11074.0,0.0,0.0
755,44.0,5.0,第4节,第4节,16.5,0.83,-16.5,0.83,134.5,0.83,134.5,0.83,16.5,4.0,,0.0,4.0,4.0,21.0,13.0,6.0,6.0,2.0,0.0,0.0,1.0,66.7,37.5,44.0,60.0,0.0,1.0,7.0,33.0,0,,21077.0,0.0,0.0
756,44.0,5.0,第4节,第4节,16.5,0.83,-16.5,0.83,134.5,0.83,134.5,0.83,16.5,4.0,,0.0,4.0,4.0,21.0,13.0,6.0,6.0,2.0,0.0,0.0,1.0,66.7,37.5,44.0,60.0,0.0,1.0,7.0,30.0,0,,21077.0,0.0,0.0
757,44.0,5.0,第4节,第4节,16.5,0.83,-17.5,0.83,134.5,0.83,134.5,0.83,-17.5,4.0,,0.0,4.0,4.0,21.0,13.0,6.0,6.0,2.0,0.0,0.0,1.0,66.7,37.5,44.0,60.0,0.0,1.0,7.0,30.0,0,,21077.0,0.0,0.0
758,44.0,5.0,第4节,第4节,17.5,0.83,-17.5,0.83,134.5,0.83,134.5,0.83,17.5,4.0,,0.0,4.0,4.0,21.0,13.0,6.0,6.0,2.0,0.0,0.0,1.0,66.7,37.5,44.0,60.0,0.0,1.0,7.0,27.0,0,,21077.0,0.0,0.0
759,44.0,5.0,第4节,第4节,17.5,0.83,-17.5,0.83,134.5,0.83,134.5,0.83,17.5,4.0,,0.0,4.0,4.0,21.0,13.0,6.0,6.0,2.0,0.0,0.0,1.0,66.7,37.5,44.0,60.0,0.0,1.0,7.0,27.0,0,,21081.0,0.0,0.0
760,44.0,5.0,第4节,第4节,17.5,0.83,-17.5,0.83,134.5,0.83,134.5,0.83,17.5,4.0,,0.0,4.0,4.0,21.0,13.0,6.0,6.0,2.0,0.0,0.0,1.0,66.7,37.5,44.0,60.0,0.0,1.0,7.0,25.0,0,,21081.0,0.0,0.0
761,44.0,5.0,第4节,第4节,17.5,0.83,-17.5,0.83,134.5,0.83,134.5,0.83,17.5,4.0,,0.0,4.0,4.0,21.0,13.0,6.0,6.0,2.0,0.0,0.0,1.0,66.7,37.5,44.0,60.0,0.0,1.0,7.0,25.0,0,,21081.0,0.0,0.0
762,44.0,5.0,第4节,第4节,17.5,0.83,-17.5,0.83,134.5,0.83,134.5,0.83,17.5,4.0,,0.0,4.0,4.0,21.0,13.0,6.0,6.0,2.0,0.0,0.0,1.0,66.7,37.5,44.0,60.0,0.0,1.0,7.0,26.0,0,,21081.0,0.0,0.0
763,44.0,5.0,第4节,第4节,17.5,0.83,-17.5,0.83,134.5,0.83,134.5,0.83,17.5,4.0,,0.0,4.0,4.0,21.0,13.0,6.0,6.0,2.0,0.0,0.0,1.0,66.7,37.5,44.0,60.0,0.0,1.0,7.0,26.0,0,,21081.0,0.0,0.0
764,44.0,5.0,第4节,第4节,17.5,0.83,-17.5,0.83,134.5,0.83,134.5,0.83,17.5,4.0,,0.0,4.0,4.0,21.0,13.0,6.0,6.0,2.0,0.0,0.0,1.0,66.7,37.5,44.0,60.0,0.0,1.0,7.0,28.0,0,,21081.0,0.0,0.0
765,44.0,5.0,第4节,第4节,17.5,0.83,-17.5,0.83,134.5,0.83,134.5,0.83,17.5,4.0,,0.0,4.0,4.0,21.0,13.0,6.0,6.0,2.0,0.0,0.0,1.0,66.7,37.5,44.0,60.0,0.0,1.0,7.0,28.0,0,,21077.0,0.0,0.0
766,44.0,5.0,第4节,第4节,17.5,0.83,-17.5,0.83,134.5,0.83,134.5,0.83,17.5,4.0,,0.0,4.0,4.0,21.0,13.0,6.0,6.0,2.0,0.0,0.0,1.0,66.7,37.5,44.0,60.0,0.0,1.0,7.0,8.0,0,,11077.0,0.0,0.0
767,44.0,5.0,第4节,第4节,17.5,0.83,-18.5,0.83,134.5,0.83,134.5,0.83,-18.5,4.0,,0.0,4.0,4.0,21.0,13.0,6.0,6.0,2.0,0.0,0.0,1.0,66.7,37.5,44.0,60.0,0.0,1.0,7.0,8.0,0,,11077.0,0.0,0.0
768,44.0,5.0,第4节,第4节,18.5,0.83,-18.5,0.83,134.5,0.83,134.5,0.83,18.5,4.0,,0.0,4.0,4.0,21.0,13.0,6.0,6.0,2.0,0.0,0.0,1.0,66.7,37.5,44.0,60.0,0.0,1.0,7.0,8.0,0,,11077.0,0.0,0.0
769,44.0,5.0,第4节,第4节,18.5,0.83,-19.5,0.83,134.5,0.83,134.5,0.83,-19.5,4.0,,0.0,4.0,4.0,21.0,13.0,6.0,6.0,2.0,0.0,0.0,1.0,66.7,37.5,44.0,60.0,0.0,1.0,7.0,8.0,0,,11077.0,0.0,0.0
770,44.0,5.0,第4节,第4节,19.5,0.83,-19.5,0.83,134.5,0.83,134.5,0.83,19.5,4.0,,0.0,4.0,4.0,21.0,13.0,6.0,6.0,2.0,0.0,0.0,1.0,66.7,37.5,44.0,60.0,0.0,1.0,7.0,4.0,0,,11077.0,0.0,0.0
771,44.0,5.0,第4节,第4节,19.5,0.83,-19.5,0.83,134.5,0.83,134.5,0.83,19.5,4.0,,0.0,4.0,4.0,22.0,13.0,6.0,6.0,2.0,0.0,0.0,1.0,66.7,37.5,62.0,60.0,0.0,1.0,7.0,4.0,0,,11074.0,0.0,0.0
772,44.0,5.0,第4节,第4节,19.5,0.83,-19.5,0.83,134.5,0.83,134.5,0.83,19.5,4.0,,0.0,4.0,4.0,22.0,13.0,6.0,6.0,2.0,0.0,0.0,1.0,66.7,37.5,44.0,62.0,0.0,1.0,7.0,4.0,0,,21077.0,0.0,0.0
773,44.0,5.0,第4节,第4节,19.5,0.83,-19.5,0.83,134.5,0.83,134.5,0.83,19.5,4.0,,0.0,4.0,4.0,22.0,13.0,6.0,6.0,2.0,0.0,0.0,1.0,66.7,37.5,44.0,62.0,0.0,1.0,7.0,2.0,0,,21077.0,0.0,0.0
774,44.0,5.0,第4节,第4节,19.5,0.8,-20.5,0.87,134.5,0.83,134.5,0.83,-20.5,4.0,,0.0,4.0,4.0,22.0,13.0,6.0,6.0,2.0,0.0,0.0,1.0,66.7,37.5,44.0,62.0,0.0,1.0,7.0,2.0,0,,11077.0,0.0,0.0
775,44.0,5.0,第4节,第4节,20.5,0.8,-20.5,0.87,134.5,0.83,134.5,0.83,20.5,4.0,,0.0,4.0,4.0,22.0,13.0,6.0,6.0,2.0,0.0,0.0,1.0,66.7,37.5,44.0,62.0,0.0,1.0,6.0,48.0,0,,11077.0,0.0,0.0
776,44.0,5.0,第4节,第4节,20.5,0.8,-20.5,0.87,134.5,0.83,134.5,0.83,20.5,4.0,,0.0,4.0,4.0,23.0,13.0,6.0,6.0,2.0,0.0,0.0,1.0,66.7,37.5,64.0,62.0,0.0,1.0,6.0,48.0,0,,11074.0,0.0,0.0
777,44.0,5.0,第4节,第4节,20.5,0.8,-20.5,0.87,134.5,0.83,134.5,0.83,20.5,4.0,,0.0,4.0,4.0,23.0,13.0,6.0,6.0,2.0,0.0,0.0,1.0,66.7,37.5,44.0,64.0,0.0,1.0,6.0,48.0,0,,21077.0,0.0,0.0
778,44.0,5.0,第4节,第4节,20.5,0.8,-20.5,0.87,134.5,0.83,134.5,0.83,20.5,4.0,,0.0,4.0,4.0,23.0,13.0,6.0,6.0,2.0,0.0,0.0,1.0,66.7,37.5,44.0,64.0,0.0,1.0,6.0,43.0,0,,21077.0,0.0,0.0
779,44.0,5.0,第4节,第4节,20.5,0.8,-21.5,0.87,134.5,0.83,134.5,0.83,-21.5,4.0,,0.0,4.0,4.0,23.0,13.0,6.0,6.0,2.0,0.0,0.0,1.0,66.7,37.5,44.0,64.0,0.0,1.0,6.0,43.0,0,,21077.0,0.0,0.0
780,44.0,5.0,第4节,第4节,21.5,0.8,-21.5,0.87,134.5,0.83,134.5,0.83,21.5,4.0,,0.0,4.0,4.0,23.0,13.0,6.0,6.0,2.0,0.0,0.0,1.0,66.7,37.5,44.0,64.0,0.0,1.0,6.0,41.0,0,,21077.0,0.0,0.0
781,44.0,5.0,第4节,第4节,21.5,0.8,-21.5,0.87,134.5,0.83,134.5,0.83,21.5,4.0,,0.0,4.0,4.0,23.0,13.0,6.0,6.0,2.0,0.0,0.0,1.0,66.7,37.5,44.0,64.0,0.0,1.0,6.0,41.0,0,,21077.0,0.0,0.0
782,44.0,5.0,第4节,第4节,21.5,0.8,-21.5,0.87,134.5,0.83,134.5,0.83,21.5,4.0,,0.0,4.0,4.0,23.0,13.0,6.0,6.0,2.0,0.0,0.0,1.0,66.7,37.5,44.0,64.0,0.0,1.0,6.0,27.0,0,,21077.0,0.0,0.0
783,44.0,5.0,第4节,第4节,21.5,0.77,-21.5,0.91,134.5,0.83,134.5,0.83,21.5,4.0,,0.0,4.0,4.0,23.0,13.0,6.0,6.0,2.0,0.0,0.0,1.0,66.7,37.5,44.0,64.0,0.0,1.0,6.0,27.0,0,,21077.0,0.0,0.0
784,44.0,5.0,第4节,第4节,21.5,0.77,-21.5,0.91,134.5,0.83,134.5,0.83,21.5,4.0,,0.0,4.0,4.0,23.0,13.0,6.0,6.0,2.0,0.0,0.0,1.0,66.7,37.5,44.0,64.0,0.0,1.0,6.0,26.0,0,,21077.0,0.0,0.0
785,44.0,5.0,第4节,第4节,21.5,0.77,-22.5,0.91,134.5,0.83,134.5,0.83,-22.5,4.0,,0.0,4.0,4.0,23.0,13.0,6.0,6.0,2.0,0.0,0.0,1.0,66.7,37.5,44.0,64.0,0.0,1.0,6.0,26.0,0,,11077.0,0.0,0.0
786,44.0,5.0,第4节,第4节,22.5,0.77,-22.5,0.91,134.5,0.83,134.5,0.83,22.5,4.0,,0.0,4.0,4.0,23.0,13.0,6.0,6.0,2.0,0.0,0.0,1.0,66.7,37.5,44.0,64.0,0.0,1.0,6.0,31.0,0,,11077.0,0.0,0.0
787,44.0,5.0,第4节,第4节,22.5,0.77,-22.5,0.91,134.5,0.83,134.5,0.83,22.5,4.0,,0.0,4.0,4.0,23.0,13.0,6.0,6.0,2.0,0.0,0.0,1.0,66.7,37.5,44.0,64.0,0.0,1.0,6.0,31.0,0,,21077.0,0.0,0.0
788,44.0,5.0,第4节,第4节,22.5,0.77,-22.5,0.91,134.5,0.83,134.5,0.83,22.5,4.0,,0.0,4.0,4.0,23.0,13.0,6.0,6.0,2.0,0.0,0.0,1.0,66.7,37.5,44.0,64.0,0.0,1.0,6.0,19.0,0,,21077.0,0.0,0.0
789,44.0,5.0,第4节,第4节,22.5,0.77,-21.5,0.91,134.5,0.83,134.5,0.83,-21.5,4.0,,0.0,4.0,4.0,23.0,13.0,6.0,6.0,2.0,0.0,0.0,1.0,66.7,37.5,44.0,64.0,0.0,1.0,6.0,19.0,0,,21077.0,0.0,0.0
790,44.0,5.0,第4节,第4节,21.5,0.77,-21.5,0.91,134.5,0.83,134.5,0.83,21.5,4.0,,0.0,4.0,4.0,23.0,13.0,6.0,6.0,2.0,0.0,0.0,1.0,66.7,37.5,44.0,64.0,0.0,1.0,6.0,16.0,0,,11077.0,0.0,0.0
791,44.0,5.0,第4节,第4节,21.5,0.77,-22.5,0.91,134.5,0.83,134.5,0.83,-22.5,4.0,,0.0,4.0,4.0,23.0,13.0,6.0,6.0,2.0,0.0,0.0,1.0,66.7,37.5,44.0,64.0,0.0,1.0,6.0,16.0,0,,11077.0,0.0,0.0
792,44.0,5.0,第4节,第4节,22.5,0.77,-22.5,0.91,134.5,0.83,134.5,0.83,22.5,4.0,,0.0,4.0,4.0,24.0,13.0,6.0,6.0,2.0,0.0,0.0,1.0,66.7,37.5,66.0,64.0,0.0,1.0,6.0,16.0,0,,11074.0,0.0,0.0
793,44.0,5.0,第4节,第4节,22.5,0.77,-22.5,0.91,134.5,0.83,134.5,0.83,22.5,4.0,,0.0,4.0,4.0,24.0,13.0,6.0,6.0,2.0,0.0,0.0,1.0,66.7,37.5,44.0,66.0,0.0,1.0,6.0,16.0,0,,21077.0,0.0,0.0
794,44.0,5.0,第4节,第4节,22.5,0.77,-22.5,0.91,134.5,0.83,134.5,0.83,22.5,4.0,,0.0,4.0,4.0,24.0,13.0,6.0,6.0,2.0,0.0,0.0,1.0,66.7,37.5,44.0,66.0,0.0,1.0,6.0,12.0,0,,21077.0,0.0,0.0
795,44.0,5.0,第4节,第4节,22.5,0.77,-23.5,0.91,134.5,0.83,134.5,0.83,-23.5,4.0,,0.0,4.0,4.0,24.0,13.0,6.0,6.0,2.0,0.0,0.0,1.0,66.7,37.5,44.0,66.0,0.0,1.0,6.0,12.0,0,,21077.0,0.0,0.0
796,44.0,5.0,第4节,第4节,23.5,0.77,-23.5,0.91,134.5,0.83,134.5,0.83,23.5,4.0,,0.0,4.0,4.0,24.0,13.0,6.0,6.0,2.0,0.0,0.0,1.0,66.7,37.5,44.0,66.0,0.0,1.0,6.0,9.0,0,,21077.0,0.0,0.0
797,44.0,5.0,第4节,第4节,23.5,0.77,-24.5,0.91,134.5,0.83,134.5,0.83,-24.5,4.0,,0.0,4.0,4.0,24.0,13.0,6.0,6.0,2.0,0.0,0.0,1.0,66.7,37.5,44.0,66.0,0.0,1.0,6.0,9.0,0,,21077.0,0.0,0.0
798,44.0,5.0,第4节,第4节,24.5,0.77,-24.5,0.91,134.5,0.83,134.5,0.83,24.5,4.0,,0.0,4.0,4.0,24.0,13.0,6.0,6.0,2.0,0.0,0.0,1.0,66.7,37.5,44.0,66.0,0.0,1.0,6.0,5.0,0,,21077.0,0.0,0.0
799,44.0,5.0,第4节,第4节,24.5,0.77,-24.5,0.91,134.5,0.83,134.5,0.83,24.5,4.0,,0.0,4.0,4.0,24.0,13.0,6.0,6.0,2.0,0.0,0.0,1.0,66.7,37.5,44.0,66.0,0.0,1.0,6.0,5.0,0,,11077.0,0.0,0.0
800,44.0,5.0,第4节,第4节,24.5,0.77,-24.5,0.91,134.5,0.83,134.5,0.83,24.5,4.0,,0.0,4.0,4.0,24.0,13.0,6.0,6.0,2.0,0.0,0.0,1.0,66.7,37.5,44.0,66.0,0.0,1.0,5.0,39.0,0,,21077.0,0.0,0.0
801,44.0,5.0,第4节,第4节,24.5,0.91,-22.5,0.77,134.5,0.83,134.5,0.83,-22.5,4.0,,0.0,4.0,4.0,24.0,13.0,6.0,6.0,2.0,0.0,0.0,1.0,66.7,37.5,44.0,66.0,0.0,1.0,5.0,39.0,0,,21077.0,0.0,0.0
802,44.0,5.0,第4节,第4节,22.5,0.91,-22.5,0.77,134.5,0.83,134.5,0.83,22.5,4.0,,0.0,4.0,4.0,24.0,13.0,6.0,6.0,2.0,0.0,0.0,1.0,66.7,37.5,44.0,66.0,0.0,1.0,5.0,31.0,0,,21077.0,0.0,0.0
803,44.0,5.0,第4节,第4节,22.5,0.91,-22.5,0.77,134.5,0.83,134.5,0.83,22.5,4.0,,0.0,4.0,4.0,24.0,13.0,6.0,6.0,2.0,0.0,0.0,1.0,66.7,37.5,44.0,66.0,0.0,1.0,5.0,31.0,0,,21077.0,0.0,0.0
804,44.0,5.0,第4节,第4节,22.5,0.91,-22.5,0.77,134.5,0.83,134.5,0.83,22.5,4.0,,0.0,4.0,4.0,24.0,13.0,6.0,6.0,2.0,0.0,0.0,1.0,66.7,37.5,44.0,66.0,0.0,1.0,5.0,25.0,0,,21077.0,0.0,0.0
805,44.0,5.0,第4节,第4节,22.5,0.91,-22.5,0.77,134.5,0.83,134.5,0.83,22.5,4.0,,0.0,4.0,4.0,24.0,13.0,6.0,6.0,2.0,0.0,1.0,1.0,66.7,37.5,44.0,66.0,0.0,1.0,5.0,25.0,0,,11086.0,0.0,0.0
806,44.0,5.0,第4节,第4节,22.5,0.91,-22.5,0.77,134.5,0.83,134.5,0.83,22.5,4.0,,0.0,4.0,4.0,24.0,13.0,6.0,6.0,2.0,0.0,1.0,1.0,66.7,37.5,44.0,66.0,1.0,1.0,5.0,25.0,0,,21077.0,0.0,0.0
807,44.0,5.0,第4节,第4节,22.5,0.91,-22.5,0.77,134.5,0.83,134.5,0.83,22.5,4.0,,0.0,4.0,4.0,24.0,13.0,6.0,6.0,2.0,0.0,1.0,1.0,66.7,37.5,44.0,66.0,1.0,1.0,5.0,25.0,0,,21077.0,0.0,0.0
808,44.0,5.0,第4节,第4节,22.5,0.91,-22.5,0.77,134.5,0.83,134.5,0.83,22.5,4.0,,0.0,4.0,4.0,24.0,13.0,6.0,6.0,2.0,0.0,1.0,1.0,66.7,37.5,44.0,66.0,0.0,1.0,5.0,25.0,0,,21077.0,0.0,0.0
809,44.0,5.0,第4节,第4节,22.5,0.91,-22.5,0.77,134.5,0.83,134.5,0.83,22.5,4.0,,0.0,4.0,4.0,24.0,13.0,6.0,6.0,2.0,0.0,1.0,1.0,66.7,37.5,44.0,66.0,0.0,1.0,5.0,20.0,0,,11077.0,0.0,0.0
810,44.0,5.0,第4节,第4节,22.5,0.91,-23.5,0.77,134.5,0.83,134.5,0.83,-23.5,4.0,,0.0,4.0,4.0,24.0,13.0,6.0,6.0,2.0,0.0,1.0,1.0,66.7,37.5,44.0,66.0,0.0,1.0,5.0,20.0,0,,11077.0,0.0,0.0
811,44.0,5.0,第4节,第4节,23.5,0.91,-23.5,0.8,134.5,0.83,134.5,0.83,23.5,4.0,,0.0,4.0,4.0,24.0,13.0,6.0,6.0,2.0,0.0,1.0,1.0,66.7,37.5,44.0,66.0,0.0,1.0,5.0,20.0,0,,11077.0,0.0,0.0
812,44.0,5.0,第4节,第4节,23.5,0.87,-24.5,0.8,134.5,0.83,134.5,0.83,-24.5,4.0,,0.0,4.0,4.0,24.0,13.0,6.0,6.0,2.0,0.0,1.0,1.0,66.7,37.5,44.0,66.0,0.0,1.0,5.0,20.0,0,,11077.0,0.0,0.0
813,44.0,5.0,第4节,第4节,24.5,0.87,-24.5,0.8,134.5,0.83,134.5,0.83,24.5,4.0,,0.0,4.0,4.0,24.0,13.0,6.0,6.0,2.0,0.0,1.0,1.0,66.7,37.5,44.0,66.0,0.0,1.0,5.0,17.0,0,,11077.0,0.0,0.0
814,44.0,5.0,第4节,第4节,24.5,0.87,-24.5,0.8,134.5,0.83,134.5,0.83,24.5,4.0,,0.0,4.0,4.0,25.0,13.0,6.0,6.0,2.0,0.0,1.0,1.0,66.7,37.5,68.0,66.0,0.0,1.0,5.0,17.0,0,,11074.0,0.0,0.0
815,44.0,5.0,第4节,第4节,24.5,0.87,-24.5,0.8,134.5,0.83,134.5,0.83,24.5,4.0,,0.0,4.0,4.0,25.0,13.0,6.0,6.0,2.0,0.0,1.0,1.0,66.7,37.5,44.0,68.0,0.0,1.0,5.0,17.0,0,,21077.0,0.0,0.0
816,44.0,5.0,第4节,第4节,24.5,0.87,-24.5,0.8,134.5,0.83,134.5,0.83,24.5,4.0,,0.0,4.0,4.0,25.0,13.0,6.0,6.0,2.0,0.0,1.0,1.0,66.7,37.5,44.0,68.0,0.0,1.0,5.0,14.0,0,,21077.0,0.0,0.0
817,44.0,5.0,第4节,第4节,24.5,0.87,-24.5,0.8,134.5,0.83,134.5,0.83,24.5,4.0,,0.0,4.0,4.0,25.0,13.0,6.0,6.0,2.0,0.0,1.0,1.0,66.7,37.5,44.0,68.0,0.0,1.0,5.0,14.0,0,,21077.0,0.0,0.0
818,44.0,5.0,第4节,第4节,24.5,0.87,-24.5,0.8,134.5,0.83,134.5,0.83,24.5,4.0,,0.0,4.0,4.0,25.0,13.0,6.0,6.0,2.0,0.0,1.0,1.0,66.7,37.5,44.0,68.0,0.0,1.0,5.0,1.0,0,,21077.0,0.0,0.0
819,44.0,5.0,第4节,第4节,24.5,0.87,-24.5,0.8,134.5,0.83,134.5,0.83,24.5,4.0,,0.0,4.0,5.0,25.0,13.0,6.0,6.0,2.0,0.0,1.0,1.0,66.7,37.5,44.0,47.0,0.0,1.0,5.0,1.0,0,,21075.0,0.0,0.0
820,44.0,5.0,第4节,第4节,24.5,0.87,-24.5,0.8,134.5,0.83,134.5,0.83,24.5,4.0,,0.0,4.0,5.0,25.0,13.0,6.0,6.0,2.0,0.0,1.0,1.0,66.7,37.5,47.0,68.0,0.0,1.0,5.0,1.0,0,,11077.0,0.0,0.0
821,44.0,5.0,第4节,第4节,24.5,0.87,-24.5,0.8,134.5,0.83,134.5,0.83,24.5,4.0,,0.0,4.0,5.0,25.0,13.0,6.0,6.0,2.0,0.0,1.0,1.0,66.7,37.5,47.0,68.0,0.0,1.0,4.0,56.0,0,,11077.0,0.0,0.0
822,44.0,5.0,第4节,第4节,24.5,0.87,-22.5,0.8,134.5,0.83,134.5,0.83,-22.5,4.0,,0.0,4.0,5.0,25.0,13.0,6.0,6.0,2.0,0.0,1.0,1.0,66.7,37.5,47.0,68.0,0.0,1.0,4.0,56.0,0,,11077.0,0.0,0.0
823,44.0,5.0,第4节,第4节,22.5,0.87,-22.5,0.8,134.5,0.83,134.5,0.83,22.5,4.0,,0.0,4.0,5.0,25.0,13.0,6.0,6.0,2.0,0.0,1.0,1.0,66.7,37.5,47.0,68.0,0.0,1.0,4.0,54.0,0,,11077.0,0.0,0.0
824,44.0,5.0,第4节,第4节,22.5,0.87,-22.5,0.8,134.5,0.83,134.5,0.83,22.5,4.0,,0.0,4.0,5.0,25.0,13.0,6.0,6.0,2.0,0.0,1.0,1.0,66.7,37.5,47.0,68.0,0.0,1.0,4.0,54.0,0,,11077.0,0.0,0.0
825,44.0,5.0,第4节,第4节,22.5,0.87,-22.5,0.8,134.5,0.83,134.5,0.83,22.5,4.0,,0.0,4.0,5.0,25.0,13.0,6.0,6.0,2.0,0.0,1.0,1.0,66.7,37.5,47.0,68.0,0.0,1.0,4.0,53.0,0,,11077.0,0.0,0.0
826,44.0,5.0,第4节,第4节,22.5,0.87,-22.5,0.8,134.5,0.83,134.5,0.83,22.5,4.0,,0.0,4.0,5.0,25.0,13.0,6.0,6.0,2.0,0.0,1.0,1.0,66.7,37.5,47.0,68.0,0.0,1.0,4.0,53.0,0,,11077.0,0.0,0.0
827,44.0,5.0,第4节,第4节,22.5,0.87,-22.5,0.8,134.5,0.83,134.5,0.83,22.5,4.0,,0.0,4.0,5.0,25.0,13.0,6.0,6.0,2.0,0.0,1.0,1.0,66.7,37.5,47.0,68.0,0.0,1.0,4.0,55.0,0,,11077.0,0.0,0.0
828,44.0,5.0,第4节,第4节,22.5,0.87,-22.5,0.8,134.5,0.83,134.5,0.83,22.5,4.0,,0.0,5.0,5.0,25.0,13.0,6.0,6.0,2.0,0.0,1.0,1.0,66.7,37.5,71.0,68.0,0.0,1.0,4.0,55.0,0,,11075.0,0.0,0.0
829,44.0,5.0,第4节,第4节,22.5,0.83,-24.5,0.83,134.5,0.83,134.5,0.83,-24.5,4.0,,0.0,5.0,5.0,25.0,13.0,6.0,6.0,2.0,0.0,1.0,1.0,66.7,37.5,71.0,68.0,0.0,1.0,4.0,55.0,0,,21077.0,0.0,0.0
830,44.0,5.0,第4节,第4节,24.5,0.83,-24.5,0.83,134.5,0.83,134.5,0.83,24.5,4.0,,0.0,5.0,5.0,25.0,13.0,6.0,6.0,2.0,0.0,1.0,1.0,66.7,37.5,47.0,71.0,0.0,1.0,4.0,33.0,0,,21077.0,0.0,0.0
831,44.0,5.0,第4节,第4节,24.5,0.83,-24.5,0.83,134.5,0.83,134.5,0.83,24.5,4.0,,0.0,5.0,5.0,25.0,13.0,6.0,6.0,2.0,0.0,1.0,1.0,66.7,37.5,47.0,71.0,0.0,1.0,4.0,33.0,0,,21077.0,0.0,0.0
832,44.0,5.0,第4节,第4节,24.5,0.83,-24.5,0.83,134.5,0.83,134.5,0.83,24.5,4.0,,0.0,5.0,5.0,25.0,13.0,6.0,6.0,2.0,0.0,1.0,1.0,66.7,37.5,47.0,71.0,0.0,1.0,4.0,31.0,0,,21077.0,0.0,0.0
833,44.0,5.0,第4节,第4节,24.5,0.83,-25.5,0.83,134.5,0.83,134.5,0.83,-25.5,4.0,,0.0,5.0,5.0,25.0,13.0,6.0,6.0,2.0,0.0,1.0,1.0,66.7,37.5,47.0,71.0,0.0,1.0,4.0,31.0,0,,11077.0,0.0,0.0
834,44.0,5.0,第4节,第4节,25.5,0.83,-25.5,0.83,134.5,0.83,134.5,0.83,25.5,4.0,,0.0,5.0,5.0,25.0,13.0,6.0,6.0,2.0,0.0,1.0,1.0,66.7,37.5,47.0,71.0,0.0,1.0,4.0,14.0,0,,11077.0,0.0,0.0
835,44.0,5.0,第4节,第4节,25.5,0.83,-25.5,0.83,134.5,0.83,134.5,0.83,25.5,4.0,,0.0,5.0,5.0,25.0,13.0,6.0,6.0,2.0,0.0,1.0,1.0,66.7,37.5,47.0,71.0,0.0,1.0,4.0,14.0,0,,11077.0,0.0,0.0
836,44.0,5.0,第4节,第4节,25.5,0.83,-25.5,0.83,134.5,0.83,134.5,0.83,25.5,4.0,,0.0,5.0,5.0,25.0,13.0,6.0,6.0,2.0,0.0,1.0,1.0,66.7,37.5,47.0,71.0,0.0,1.0,4.0,11.0,0,,11077.0,0.0,0.0
837,44.0,5.0,第4节,第4节,25.5,0.83,-25.5,0.83,134.5,0.83,134.5,0.83,25.5,4.0,,0.0,5.0,5.0,25.0,13.0,6.0,6.0,2.0,0.0,1.0,2.0,66.7,37.5,47.0,71.0,0.0,1.0,4.0,11.0,0,,21086.0,0.0,0.0
838,44.0,5.0,第4节,第4节,25.5,0.83,-25.5,0.83,134.5,0.83,134.5,0.83,25.5,4.0,,0.0,5.0,5.0,25.0,13.0,6.0,6.0,2.0,0.0,1.0,2.0,66.7,37.5,47.0,71.0,1.0,1.0,4.0,11.0,0,,11077.0,0.0,0.0
839,44.0,5.0,第4节,第4节,25.5,0.87,-25.5,0.8,134.5,0.83,134.5,0.83,25.5,4.0,,0.0,5.0,5.0,25.0,13.0,6.0,6.0,2.0,0.0,1.0,2.0,66.7,37.5,47.0,71.0,1.0,1.0,4.0,11.0,0,,11077.0,0.0,0.0
840,44.0,5.0,第4节,第4节,25.5,0.87,-25.5,0.8,134.5,0.83,134.5,0.83,25.5,4.0,,0.0,5.0,5.0,25.0,13.0,6.0,6.0,2.0,0.0,1.0,2.0,66.7,37.5,47.0,71.0,0.0,1.0,4.0,11.0,0,,11077.0,0.0,0.0
841,44.0,5.0,第4节,第4节,25.5,0.87,-25.5,0.8,134.5,0.83,134.5,0.83,25.5,4.0,,0.0,5.0,5.0,25.0,13.0,6.0,6.0,2.0,0.0,1.0,2.0,66.7,37.5,47.0,71.0,0.0,1.0,4.0,5.0,0,,11077.0,0.0,0.0
842,44.0,5.0,第4节,第4节,25.5,0.87,-25.5,0.8,134.5,0.83,134.5,0.83,25.5,4.0,,0.0,5.0,5.0,25.0,13.0,6.0,6.0,2.0,0.0,1.0,2.0,66.7,37.5,47.0,71.0,0.0,1.0,4.0,5.0,0,,11077.0,0.0,0.0
843,44.0,5.0,第4节,第4节,25.5,0.87,-25.5,0.8,134.5,0.83,134.5,0.83,25.5,4.0,,0.0,5.0,5.0,25.0,13.0,6.0,6.0,2.0,0.0,1.0,2.0,66.7,37.5,47.0,71.0,0.0,1.0,4.0,4.0,0,,11077.0,0.0,0.0
844,44.0,5.0,第4节,第4节,25.5,0.87,-25.5,0.8,134.5,0.83,134.5,0.83,25.5,4.0,,0.0,5.0,5.0,25.0,13.0,6.0,6.0,2.0,0.0,1.0,2.0,66.7,37.5,47.0,74.0,0.0,1.0,4.0,4.0,0,,11077.0,0.0,0.0
845,44.0,5.0,第4节,第4节,25.5,0.87,-25.5,0.8,134.5,0.83,134.5,0.83,25.5,4.0,,0.0,6.0,5.0,25.0,13.0,6.0,6.0,2.0,0.0,1.0,2.0,66.7,37.5,47.0,74.0,0.0,1.0,4.0,4.0,0,,11075.0,0.0,0.0
846,44.0,5.0,第4节,第4节,25.5,0.87,-25.5,0.8,134.5,0.83,134.5,0.83,25.5,4.0,,0.0,6.0,5.0,25.0,13.0,6.0,6.0,2.0,0.0,1.0,2.0,66.7,37.5,47.0,74.0,0.0,1.0,3.0,58.0,0,,21077.0,0.0,0.0
847,44.0,5.0,第4节,第4节,25.5,0.83,-27.5,0.83,134.5,0.83,134.5,0.83,-27.5,4.0,,0.0,6.0,5.0,25.0,13.0,6.0,6.0,2.0,0.0,1.0,2.0,66.7,37.5,47.0,74.0,0.0,1.0,3.0,58.0,0,,21077.0,0.0,0.0
848,44.0,5.0,第4节,第4节,27.5,0.83,-27.5,0.83,134.5,0.83,134.5,0.83,27.5,4.0,,0.0,6.0,5.0,25.0,13.0,6.0,6.0,2.0,0.0,1.0,2.0,66.7,37.5,47.0,74.0,0.0,1.0,3.0,54.0,0,,21077.0,0.0,0.0
849,44.0,5.0,第4节,第4节,27.5,0.83,-27.5,0.83,134.5,0.83,134.5,0.83,27.5,4.0,,0.0,6.0,5.0,25.0,13.0,6.0,6.0,2.0,0.0,1.0,2.0,66.7,37.5,47.0,74.0,0.0,1.0,3.0,54.0,0,,21077.0,0.0,0.0
850,44.0,5.0,第4节,第4节,27.5,0.83,-27.5,0.83,134.5,0.83,134.5,0.83,27.5,4.0,,0.0,6.0,5.0,25.0,13.0,6.0,6.0,2.0,0.0,1.0,2.0,66.7,37.5,47.0,74.0,0.0,1.0,3.0,30.0,0,,21077.0,0.0,0.0
851,44.0,5.0,第4节,第4节,27.5,0.83,-27.5,0.83,134.5,0.83,134.5,0.83,27.5,4.0,,0.0,6.0,5.0,25.0,13.0,6.0,6.0,2.0,0.0,1.0,2.0,66.7,37.5,47.0,74.0,0.0,1.0,3.0,30.0,0,,21077.0,0.0,0.0
852,44.0,5.0,第4节,第4节,27.5,0.83,-27.5,0.83,134.5,0.83,134.5,0.83,27.5,4.0,,0.0,6.0,5.0,25.0,13.0,6.0,6.0,2.0,0.0,1.0,2.0,66.7,37.5,47.0,74.0,0.0,1.0,3.0,18.0,0,,21077.0,0.0,0.0
853,44.0,5.0,第4节,第4节,27.5,0.83,-27.5,0.83,134.5,0.83,134.5,0.83,27.5,4.0,,0.0,6.0,5.0,25.0,13.0,6.0,6.0,2.0,0.0,1.0,2.0,66.7,37.5,47.0,74.0,0.0,1.0,3.0,18.0,0,,21077.0,0.0,0.0
854,44.0,5.0,第4节,第4节,27.5,0.83,-27.5,0.83,134.5,0.83,134.5,0.83,27.5,4.0,,0.0,6.0,5.0,25.0,13.0,6.0,6.0,2.0,0.0,1.0,2.0,66.7,37.5,47.0,74.0,0.0,1.0,3.0,17.0,0,,21077.0,0.0,0.0
855,44.0,5.0,第4节,第4节,27.5,0.83,-27.5,0.83,134.5,0.83,134.5,0.83,27.5,4.0,,0.0,6.0,5.0,25.0,14.0,6.0,6.0,2.0,0.0,1.0,2.0,66.7,37.5,47.0,49.0,0.0,1.0,3.0,17.0,0,,21074.0,0.0,0.0
856,44.0,5.0,第4节,第4节,27.5,0.83,-27.5,0.83,134.5,0.83,134.5,0.83,27.5,4.0,,0.0,6.0,5.0,25.0,14.0,6.0,6.0,2.0,0.0,1.0,2.0,66.7,37.5,49.0,74.0,0.0,1.0,3.0,17.0,0,,11077.0,0.0,0.0
857,44.0,5.0,第4节,第4节,27.5,0.83,-26.5,0.83,134.5,0.83,134.5,0.83,-26.5,4.0,,0.0,6.0,5.0,25.0,14.0,6.0,6.0,2.0,0.0,1.0,2.0,66.7,37.5,49.0,74.0,0.0,1.0,3.0,17.0,0,,11077.0,0.0,0.0
858,44.0,5.0,第4节,第4节,26.5,0.83,-26.5,0.83,134.5,0.83,134.5,0.83,26.5,4.0,,0.0,6.0,5.0,25.0,14.0,6.0,6.0,2.0,0.0,1.0,2.0,66.7,37.5,49.0,74.0,0.0,1.0,3.0,15.0,0,,11077.0,0.0,0.0
859,44.0,5.0,第4节,第4节,26.5,0.8,-26.5,0.87,134.5,0.83,134.5,0.83,26.5,4.0,,0.0,6.0,5.0,25.0,14.0,6.0,6.0,2.0,0.0,1.0,2.0,66.7,37.5,49.0,74.0,0.0,1.0,2.0,15.0,0,,11077.0,0.0,0.0
860,44.0,5.0,第4节,第4节,26.5,0.8,-26.5,0.87,134.5,0.83,134.5,0.83,26.5,4.0,,0.0,6.0,5.0,25.0,14.0,6.0,6.0,2.0,0.0,1.0,2.0,66.7,37.5,49.0,74.0,0.0,1.0,2.0,52.0,0,,11077.0,0.0,0.0
861,44.0,5.0,第4节,第4节,26.5,0.8,-26.5,0.87,134.5,0.83,134.5,0.83,26.5,4.0,,0.0,6.0,5.0,25.0,14.0,6.0,6.0,2.0,0.0,1.0,2.0,66.7,37.5,49.0,74.0,1.0,1.0,2.0,52.0,0,,11077.0,0.0,0.0
862,44.0,5.0,第4节,第4节,26.5,0.8,-25.5,0.87,134.5,0.83,134.5,0.83,-25.5,4.0,,0.0,6.0,5.0,25.0,14.0,6.0,6.0,2.0,0.0,1.0,2.0,66.7,37.5,49.0,74.0,1.0,1.0,2.0,52.0,0,,21077.0,0.0,0.0
863,44.0,5.0,第4节,第4节,25.5,0.8,-25.5,0.87,134.5,0.83,134.5,0.83,25.5,4.0,,0.0,6.0,5.0,25.0,14.0,6.0,6.0,2.0,0.0,1.0,2.0,66.7,37.5,49.0,74.0,1.0,1.0,2.0,50.0,0,,21077.0,0.0,0.0
864,44.0,5.0,第4节,第4节,25.5,0.8,-25.5,0.87,134.5,0.83,134.5,0.83,25.5,4.0,,0.0,6.0,5.0,25.0,14.0,6.0,6.0,2.0,0.0,1.0,2.0,66.7,37.5,49.0,74.0,1.0,1.0,2.0,50.0,0,,21077.0,0.0,0.0
865,44.0,5.0,第4节,第4节,25.5,0.8,-25.5,0.87,134.5,0.83,134.5,0.83,25.5,4.0,,0.0,6.0,5.0,25.0,14.0,6.0,6.0,2.0,0.0,1.0,2.0,66.7,37.5,49.0,74.0,1.0,1.0,2.0,45.0,0,,21077.0,0.0,0.0
866,44.0,5.0,第4节,第4节,25.5,0.8,-25.5,0.87,134.5,0.83,134.5,0.83,25.5,4.0,,0.0,6.0,5.0,25.0,14.0,6.0,6.0,2.0,0.0,1.0,2.0,66.7,37.5,49.0,74.0,1.0,1.0,2.0,45.0,0,,21077.0,0.0,0.0
867,44.0,5.0,第4节,第4节,25.5,0.8,-25.5,0.87,134.5,0.83,134.5,0.83,25.5,4.0,,0.0,6.0,5.0,25.0,14.0,6.0,6.0,2.0,0.0,1.0,2.0,66.7,37.5,49.0,74.0,1.0,1.0,2.0,35.0,0,,21077.0,0.0,0.0
868,44.0,5.0,第4节,第4节,25.5,0.77,-26.5,0.91,134.5,0.83,134.5,0.83,-26.5,4.0,,0.0,6.0,5.0,25.0,14.0,6.0,6.0,2.0,0.0,1.0,2.0,66.7,37.5,49.0,74.0,1.0,1.0,2.0,35.0,0,,11077.0,0.0,0.0
869,44.0,5.0,第4节,第4节,26.5,0.77,-26.5,0.91,134.5,0.83,134.5,0.83,26.5,4.0,,0.0,6.0,5.0,25.0,14.0,6.0,6.0,2.0,0.0,1.0,2.0,66.7,37.5,49.0,74.0,1.0,1.0,2.0,22.0,0,,11077.0,0.0,0.0
870,44.0,5.0,第4节,第4节,26.5,0.77,-26.5,0.91,134.5,0.83,134.5,0.83,26.5,4.0,,0.0,6.0,5.0,25.0,14.0,6.0,6.0,2.0,0.0,1.0,3.0,66.7,37.5,49.0,74.0,1.0,1.0,2.0,22.0,0,,21086.0,0.0,0.0
871,44.0,5.0,第4节,第4节,26.5,0.77,-26.5,0.91,134.5,0.83,134.5,0.83,26.5,4.0,,0.0,6.0,5.0,25.0,14.0,6.0,6.0,2.0,0.0,1.0,3.0,66.7,37.5,49.0,74.0,1.0,1.0,2.0,22.0,0,,11077.0,0.0,0.0
872,44.0,5.0,第4节,第4节,26.5,0.83,-26.5,0.83,134.5,0.83,134.5,0.83,26.5,4.0,1:2,0.0,6.0,5.0,25.0,14.0,6.0,6.0,2.0,0.0,1.0,3.0,66.7,37.5,49.0,74.0,1.0,1.0,2.0,22.0,0,,11078.0,0.0,0.0
873,44.0,5.0,第4节,第4节,26.5,0.91,-26.5,0.77,134.5,0.83,134.5,0.83,26.5,4.0,1:2,0.0,6.0,5.0,25.0,14.0,6.0,6.0,2.0,0.0,1.0,3.0,66.7,37.5,49.0,74.0,1.0,1.0,2.0,23.0,0,,11078.0,0.0,0.0
874,44.0,5.0,第4节,第4节,26.5,0.91,-26.5,0.77,134.5,0.83,134.5,0.83,26.5,4.0,1:2,0.0,6.0,5.0,25.0,14.0,7.0,6.0,2.0,0.0,1.0,3.0,70.0,37.5,75.0,74.0,1.0,1.0,2.0,23.0,0,,11079.0,0.0,0.0
875,44.0,5.0,第4节,第4节,26.5,0.91,-26.5,0.77,134.5,0.83,134.5,0.83,26.5,4.0,2:2,0.0,6.0,5.0,25.0,14.0,7.0,6.0,2.0,0.0,1.0,3.0,70.0,37.5,49.0,75.0,1.0,1.0,2.0,23.0,0,,11078.0,0.0,0.0
876,44.0,5.0,第4节,第4节,26.5,0.77,-27.5,0.91,134.5,0.83,134.5,0.83,-27.5,4.0,2:2,0.0,6.0,5.0,25.0,14.0,7.0,6.0,2.0,0.0,1.0,3.0,70.0,37.5,49.0,75.0,1.0,1.0,2.0,23.0,0,,11078.0,0.0,0.0
877,44.0,5.0,第4节,第4节,27.5,0.77,-27.5,0.91,134.5,0.83,134.5,0.83,27.5,4.0,2:2,0.0,6.0,5.0,25.0,14.0,8.0,6.0,2.0,0.0,1.0,3.0,72.7,37.5,76.0,75.0,1.0,1.0,2.0,23.0,0,,11079.0,0.0,0.0
878,44.0,5.0,第4节,第4节,27.5,0.77,-27.5,0.91,134.5,0.83,134.5,0.83,27.5,4.0,,0.0,6.0,5.0,25.0,14.0,8.0,6.0,2.0,0.0,1.0,3.0,72.7,37.5,49.0,76.0,1.0,1.0,2.0,23.0,0,,21077.0,0.0,0.0
879,44.0,5.0,第4节,第4节,27.5,0.83,-27.5,0.83,134.5,0.83,134.5,0.83,27.5,4.0,,0.0,6.0,5.0,25.0,14.0,8.0,6.0,2.0,0.0,1.0,3.0,72.7,37.5,49.0,76.0,1.0,1.0,2.0,23.0,0,,21077.0,0.0,0.0
880,44.0,5.0,第4节,第4节,27.5,0.8,-28.5,0.87,134.5,0.83,134.5,0.83,-28.5,4.0,,0.0,6.0,5.0,25.0,14.0,8.0,6.0,2.0,0.0,1.0,3.0,72.7,37.5,49.0,76.0,1.0,1.0,2.0,23.0,0,,21077.0,0.0,0.0
881,44.0,5.0,第4节,第4节,28.5,0.8,-28.5,0.87,134.5,0.83,134.5,0.83,28.5,4.0,,0.0,6.0,5.0,25.0,14.0,8.0,6.0,2.0,0.0,1.0,3.0,72.7,37.5,49.0,76.0,1.0,1.0,2.0,13.0,0,,21077.0,0.0,0.0
882,44.0,5.0,第4节,第4节,28.5,0.8,-28.5,0.87,134.5,0.83,134.5,0.83,28.5,4.0,,0.0,6.0,5.0,25.0,14.0,8.0,6.0,2.0,0.0,1.0,3.0,72.7,37.5,49.0,76.0,1.0,1.0,2.0,13.0,0,,11077.0,0.0,0.0
883,44.0,5.0,第4节,第4节,28.5,0.8,-28.5,0.87,134.5,0.83,134.5,0.83,28.5,4.0,,0.0,6.0,5.0,25.0,14.0,8.0,6.0,2.0,0.0,1.0,3.0,72.7,37.5,49.0,76.0,1.0,1.0,2.0,8.0,0,,21077.0,0.0,0.0
884,44.0,5.0,第4节,第4节,28.5,0.8,-27.5,0.87,134.5,0.83,134.5,0.83,-27.5,4.0,,0.0,6.0,5.0,25.0,14.0,8.0,6.0,2.0,0.0,1.0,3.0,72.7,37.5,49.0,76.0,1.0,1.0,2.0,8.0,0,,21077.0,0.0,0.0
885,44.0,5.0,第4节,第4节,27.5,0.8,-27.5,0.87,134.5,0.83,134.5,0.83,27.5,4.0,,0.0,6.0,5.0,25.0,14.0,8.0,6.0,2.0,0.0,1.0,3.0,72.7,37.5,49.0,76.0,1.0,1.0,2.0,0.0,0,,21077.0,0.0,0.0
886,44.0,5.0,第4节,第4节,27.5,0.8,-27.5,0.87,134.5,0.83,134.5,0.83,27.5,4.0,,0.0,6.0,5.0,25.0,14.0,8.0,6.0,2.0,0.0,2.0,3.0,72.7,37.5,49.0,76.0,1.0,1.0,2.0,0.0,0,,11086.0,0.0,0.0
887,44.0,5.0,第4节,第4节,27.5,0.77,-27.5,0.91,134.5,0.83,134.5,0.83,27.5,4.0,,0.0,6.0,5.0,25.0,14.0,8.0,6.0,2.0,0.0,2.0,3.0,72.7,37.5,49.0,76.0,1.0,1.0,1.0,56.0,0,,21077.0,0.0,0.0
888,44.0,5.0,第4节,第4节,27.5,0.77,-27.5,0.91,134.5,0.83,134.5,0.83,27.5,4.0,,0.0,6.0,5.0,25.0,14.0,8.0,6.0,2.0,0.0,3.0,3.0,72.7,37.5,49.0,76.0,1.0,1.0,1.0,56.0,0,,11086.0,0.0,0.0
889,44.0,5.0,第4节,第4节,27.5,1.0,-26.5,0.71,134.5,0.83,134.5,0.83,-26.5,4.0,,0.0,6.0,5.0,25.0,14.0,8.0,6.0,2.0,0.0,3.0,3.0,72.7,37.5,49.0,76.0,1.0,1.0,1.0,56.0,0,,21077.0,0.0,0.0
890,44.0,5.0,第4节,第4节,26.5,0.83,-26.5,0.83,134.5,0.83,134.5,0.83,26.5,4.0,1:2,0.0,6.0,5.0,25.0,14.0,8.0,6.0,2.0,0.0,3.0,3.0,72.7,37.5,49.0,50.0,1.0,1.0,1.0,56.0,0,,21078.0,0.0,0.0
891,44.0,5.0,第4节,第4节,26.5,0.83,-26.5,0.83,134.5,0.83,134.5,0.83,26.5,4.0,1:2,0.0,6.0,5.0,25.0,14.0,8.0,7.0,2.0,0.0,3.0,3.0,72.7,41.2,49.0,50.0,1.0,1.0,1.0,56.0,0,,21079.0,0.0,0.0
892,44.0,5.0,第4节,第4节,26.5,0.83,-26.5,0.83,134.5,0.83,134.5,0.83,26.5,4.0,2:2,0.0,6.0,5.0,25.0,14.0,8.0,7.0,2.0,0.0,3.0,3.0,72.7,41.2,50.0,76.0,1.0,1.0,1.0,56.0,0,,21078.0,0.0,0.0
893,44.0,5.0,第4节,第4节,26.5,0.8,-26.5,0.87,134.5,0.83,134.5,0.83,26.5,4.0,2:2,0.0,6.0,5.0,25.0,14.0,8.0,8.0,2.0,0.0,3.0,3.0,72.7,44.4,50.0,51.0,1.0,1.0,1.0,56.0,0,,21079.0,0.0,0.0
894,44.0,5.0,第4节,第4节,26.5,0.8,-26.5,0.87,134.5,0.83,134.5,0.83,26.5,4.0,,0.0,6.0,5.0,25.0,14.0,8.0,8.0,2.0,0.0,3.0,3.0,72.7,44.4,51.0,76.0,1.0,1.0,1.0,56.0,0,,11077.0,0.0,0.0
895,44.0,5.0,第4节,第4节,26.5,1.0,-25.5,0.71,134.5,0.83,134.5,0.83,-25.5,4.0,,0.0,6.0,5.0,25.0,14.0,8.0,8.0,2.0,0.0,3.0,3.0,72.7,44.4,51.0,76.0,1.0,1.0,1.0,56.0,0,,11077.0,0.0,0.0
896,44.0,5.0,第4节,第4节,25.5,1.0,-25.5,0.71,134.5,0.83,134.5,0.83,25.5,4.0,,0.0,6.0,5.0,25.0,14.0,8.0,8.0,2.0,0.0,3.0,3.0,72.7,44.4,51.0,76.0,1.0,1.0,1.0,49.0,0,,21077.0,0.0,0.0
897,44.0,5.0,第4节,第4节,25.5,1.0,-24.5,0.71,134.5,0.83,134.5,0.83,-24.5,4.0,,0.0,6.0,5.0,25.0,14.0,8.0,8.0,2.0,0.0,3.0,3.0,72.7,44.4,51.0,76.0,1.0,1.0,1.0,49.0,0,,21077.0,0.0,0.0
898,44.0,5.0,第4节,第4节,24.5,1.0,-24.5,0.71,134.5,0.83,134.5,0.83,24.5,4.0,,0.0,6.0,5.0,25.0,14.0,8.0,8.0,2.0,0.0,3.0,3.0,72.7,44.4,51.0,76.0,1.0,1.0,1.0,42.0,0,,21077.0,0.0,0.0
899,44.0,5.0,第4节,第4节,24.5,1.0,-25.5,0.71,134.5,0.83,134.5,0.83,-25.5,4.0,,0.0,6.0,5.0,25.0,14.0,8.0,8.0,2.0,0.0,3.0,3.0,72.7,44.4,51.0,76.0,1.0,1.0,1.0,42.0,0,,21077.0,0.0,0.0
900,44.0,5.0,第4节,第4节,25.5,1.0,-25.5,0.71,134.5,0.83,134.5,0.83,25.5,4.0,,0.0,6.0,5.0,25.0,14.0,8.0,8.0,2.0,0.0,3.0,3.0,72.7,44.4,78.0,76.0,1.0,1.0,1.0,42.0,0,,11077.0,0.0,0.0
901,44.0,5.0,第4节,第4节,25.5,1.0,-25.5,0.71,134.5,0.83,134.5,0.83,25.5,4.0,,0.0,6.0,5.0,26.0,14.0,8.0,8.0,2.0,0.0,3.0,3.0,72.7,44.4,78.0,76.0,1.0,1.0,1.0,42.0,0,,11074.0,0.0,0.0
902,44.0,5.0,第4节,第4节,25.5,1.0,-25.5,0.71,134.5,0.83,134.5,0.83,25.5,4.0,,0.0,6.0,5.0,26.0,14.0,8.0,8.0,2.0,0.0,3.0,3.0,72.7,44.4,51.0,78.0,1.0,1.0,1.0,32.0,0,,21077.0,0.0,0.0
903,44.0,5.0,第4节,第4节,25.5,1.0,-26.5,0.71,134.5,0.83,134.5,0.83,-26.5,4.0,,0.0,6.0,5.0,26.0,14.0,8.0,8.0,2.0,0.0,3.0,3.0,72.7,44.4,51.0,78.0,1.0,1.0,1.0,32.0,0,,21077.0,0.0,0.0
904,44.0,5.0,第4节,第4节,26.5,1.0,-26.5,0.71,134.5,0.83,134.5,0.83,26.5,4.0,,0.0,6.0,5.0,26.0,14.0,8.0,8.0,2.0,0.0,3.0,3.0,72.7,44.4,51.0,78.0,1.0,1.0,1.0,30.0,0,,21077.0,0.0,0.0
905,44.0,5.0,第4节,第4节,26.5,1.0,-27.5,0.71,134.5,0.83,134.5,0.83,-27.5,4.0,,0.0,6.0,5.0,26.0,14.0,8.0,8.0,2.0,0.0,3.0,3.0,72.7,44.4,51.0,78.0,1.0,1.0,1.0,30.0,0,,21077.0,0.0,0.0
906,44.0,5.0,第4节,第4节,27.5,1.0,-27.5,0.71,134.5,0.83,134.5,0.83,27.5,4.0,,0.0,6.0,5.0,26.0,14.0,8.0,8.0,2.0,0.0,3.0,3.0,72.7,44.4,51.0,78.0,1.0,1.0,1.0,22.0,0,,11077.0,0.0,0.0
907,44.0,5.0,第4节,第4节,27.5,1.0,-28.5,0.71,134.5,0.83,134.5,0.83,-28.5,4.0,,0.0,6.0,5.0,26.0,14.0,8.0,8.0,2.0,0.0,3.0,3.0,72.7,44.4,51.0,78.0,1.0,1.0,1.0,22.0,0,,11077.0,0.0,0.0
908,44.0,5.0,第4节,第4节,28.5,1.0,-28.5,0.71,134.5,0.83,134.5,0.83,28.5,4.0,,0.0,6.0,5.0,27.0,14.0,8.0,8.0,2.0,0.0,3.0,3.0,72.7,44.4,80.0,78.0,1.0,1.0,1.0,22.0,0,,11074.0,0.0,0.0
909,44.0,5.0,第4节,第4节,28.5,1.0,-28.5,0.71,134.5,0.83,134.5,0.83,28.5,4.0,,0.0,6.0,5.0,27.0,14.0,8.0,8.0,2.0,0.0,3.0,3.0,72.7,44.4,51.0,80.0,1.0,1.0,1.0,17.0,0,,21077.0,0.0,0.0
910,44.0,5.0,第4节,第4节,28.5,0.91,-28.5,0.77,134.5,0.83,134.5,0.83,28.5,4.0,,0.0,6.0,5.0,27.0,14.0,8.0,8.0,2.0,0.0,3.0,3.0,72.7,44.4,51.0,80.0,1.0,1.0,1.0,17.0,0,,21077.0,0.0,0.0
911,44.0,5.0,第4节,第4节,28.5,0.91,-28.5,0.77,134.5,0.83,134.5,0.83,28.5,4.0,,0.0,6.0,5.0,27.0,14.0,8.0,8.0,2.0,0.0,3.0,3.0,72.7,44.4,51.0,80.0,1.0,1.0,1.0,13.0,0,,21077.0,0.0,0.0
912,44.0,5.0,第4节,第4节,28.5,0.91,-28.5,0.77,134.5,0.83,134.5,0.83,28.5,4.0,,0.0,6.0,5.0,27.0,14.0,8.0,8.0,2.0,0.0,3.0,3.0,72.7,44.4,51.0,80.0,1.0,1.0,1.0,13.0,0,,21077.0,0.0,0.0
913,44.0,5.0,第4节,第4节,28.5,0.91,-28.5,0.77,134.5,0.83,134.5,0.83,28.5,4.0,,0.0,6.0,5.0,27.0,14.0,8.0,8.0,2.0,0.0,3.0,3.0,72.7,44.4,51.0,80.0,1.0,1.0,1.0,9.0,0,,21077.0,0.0,0.0
914,44.0,5.0,第4节,第4节,28.5,0.91,-29.5,0.77,134.5,0.83,134.5,0.83,-29.5,4.0,,0.0,6.0,5.0,27.0,14.0,8.0,8.0,2.0,0.0,3.0,3.0,72.7,44.4,51.0,80.0,1.0,1.0,1.0,9.0,0,,11077.0,0.0,0.0
915,44.0,5.0,第4节,第4节,29.5,0.91,-29.5,0.77,134.5,0.83,134.5,0.83,29.5,4.0,,0.0,6.0,5.0,27.0,14.0,8.0,8.0,2.0,0.0,3.0,3.0,72.7,44.4,51.0,80.0,1.0,1.0,1.0,5.0,0,,11077.0,0.0,0.0
916,44.0,5.0,第4节,第4节,29.5,0.91,-29.5,0.77,134.5,0.83,134.5,0.83,29.5,4.0,,0.0,6.0,5.0,27.0,14.0,8.0,8.0,2.0,0.0,3.0,3.0,72.7,44.4,51.0,80.0,1.0,1.0,1.0,5.0,0,,11077.0,0.0,0.0
917,44.0,5.0,第4节,第4节,29.5,0.91,-29.5,0.77,134.5,0.83,134.5,0.83,29.5,4.0,,0.0,6.0,5.0,27.0,14.0,8.0,8.0,2.0,0.0,3.0,3.0,72.7,44.4,51.0,80.0,1.0,1.0,1.0,3.0,0,,11077.0,0.0,0.0
918,44.0,5.0,第4节,第4节,29.5,0.91,-29.5,0.77,134.5,0.83,134.5,0.83,29.5,4.0,,0.0,6.0,5.0,27.0,14.0,8.0,8.0,2.0,0.0,3.0,3.0,72.7,44.4,51.0,80.0,1.0,1.0,1.0,3.0,0,,11077.0,0.0,0.0
919,44.0,5.0,第4节,第4节,29.5,0.91,-29.5,0.77,134.5,0.83,134.5,0.83,29.5,4.0,,0.0,6.0,5.0,27.0,14.0,8.0,8.0,2.0,0.0,3.0,3.0,72.7,44.4,51.0,80.0,1.0,1.0,1.0,4.0,0,,11077.0,0.0,0.0
920,44.0,5.0,第4节,第4节,29.5,0.91,-29.5,0.77,134.5,0.83,134.5,0.83,29.5,4.0,,0.0,6.0,5.0,27.0,14.0,8.0,8.0,2.0,0.0,3.0,3.0,72.7,44.4,51.0,80.0,1.0,1.0,0.0,4.0,0,,11077.0,0.0,0.0
921,44.0,5.0,第4节,第4节,29.5,0.91,-29.5,0.77,134.5,0.83,134.5,0.83,29.5,4.0,,0.0,6.0,5.0,27.0,14.0,8.0,8.0,2.0,0.0,3.0,3.0,72.7,44.4,51.0,80.0,1.0,1.0,0.0,50.0,0,,11077.0,0.0,0.0
922,44.0,5.0,第4节,第4节,29.5,0.91,-28.5,0.77,134.5,0.83,134.5,0.83,-28.5,4.0,,0.0,6.0,5.0,27.0,14.0,8.0,8.0,2.0,0.0,3.0,3.0,72.7,44.4,51.0,80.0,1.0,1.0,0.0,50.0,0,,21077.0,0.0,0.0
923,44.0,5.0,第4节,第4节,28.5,0.91,-28.5,0.77,134.5,0.83,134.5,0.83,28.5,4.0,,0.0,6.0,5.0,27.0,14.0,8.0,8.0,2.0,0.0,3.0,3.0,72.7,44.4,51.0,80.0,1.0,1.0,0.0,52.0,0,,21077.0,0.0,0.0
924,44.0,5.0,第4节,第4节,28.5,0.91,-29.5,0.77,134.5,0.83,134.5,0.83,-29.5,4.0,,0.0,6.0,5.0,27.0,14.0,8.0,8.0,2.0,0.0,3.0,3.0,72.7,44.4,51.0,80.0,1.0,1.0,0.0,52.0,0,,21077.0,0.0,0.0
925,44.0,5.0,第4节,第4节,29.5,0.91,-29.5,0.77,134.5,0.83,134.5,0.83,29.5,4.0,,0.0,6.0,5.0,27.0,14.0,8.0,8.0,2.0,0.0,3.0,3.0,72.7,44.4,51.0,80.0,1.0,1.0,0.0,30.0,0,,11077.0,0.0,0.0
926,44.0,5.0,第4节,第4节,29.5,0.91,-30.5,0.77,134.5,0.83,134.5,0.83,-30.5,4.0,,0.0,6.0,5.0,27.0,14.0,8.0,8.0,2.0,0.0,3.0,3.0,72.7,44.4,51.0,80.0,1.0,1.0,0.0,30.0,0,,11077.0,0.0,0.0
927,44.0,5.0,第4节,第4节,30.5,0.91,-30.5,0.77,134.5,0.83,134.5,0.83,30.5,4.0,,0.0,6.0,5.0,27.0,14.0,8.0,8.0,2.0,0.0,3.0,3.0,72.7,44.4,51.0,80.0,1.0,1.0,0.0,22.0,0,,11077.0,0.0,0.0
928,44.0,5.0,第4节,第4节,30.5,0.91,-30.5,0.77,134.5,0.83,134.5,0.83,30.5,4.0,,0.0,6.0,5.0,28.0,14.0,8.0,8.0,2.0,0.0,3.0,3.0,72.7,44.4,82.0,80.0,1.0,1.0,0.0,22.0,0,,11074.0,0.0,0.0
929,44.0,5.0,第4节,第4节,30.5,0.91,-30.5,0.77,134.5,0.83,134.5,0.83,30.5,4.0,,0.0,6.0,5.0,28.0,14.0,8.0,8.0,2.0,0.0,3.0,3.0,72.7,44.4,51.0,82.0,1.0,1.0,0.0,22.0,0,,21077.0,0.0,0.0
930,44.0,5.0,第4节,第4节,30.5,0.91,-30.5,0.77,134.5,0.83,134.5,0.83,30.5,4.0,,0.0,6.0,5.0,28.0,14.0,8.0,8.0,2.0,0.0,3.0,3.0,72.7,44.4,51.0,82.0,1.0,1.0,0.0,20.0,0,,21077.0,0.0,0.0
931,44.0,5.0,第4节,第4节,30.5,0.91,-30.5,0.77,134.5,0.83,134.5,0.83,30.5,4.0,,0.0,6.0,5.0,28.0,14.0,8.0,8.0,2.0,0.0,3.0,3.0,72.7,44.4,51.0,82.0,1.0,1.0,0.0,20.0,0,,21077.0,0.0,0.0
932,44.0,5.0,第4节,第4节,30.5,0.91,-30.5,0.77,134.5,0.83,134.5,0.83,30.5,4.0,,0.0,6.0,5.0,28.0,14.0,8.0,8.0,2.0,0.0,3.0,3.0,72.7,44.4,51.0,82.0,1.0,1.0,0.0,5.0,0,,21077.0,0.0,0.0
933,44.0,5.0,第4节,第4节,30.5,1.0,-30.5,0.71,134.5,0.83,134.5,0.83,30.5,4.0,,0.0,6.0,5.0,28.0,14.0,8.0,8.0,2.0,0.0,3.0,3.0,72.7,44.4,51.0,82.0,1.0,1.0,0.0,5.0,0,,21077.0,0.0,0.0
934,44.0,5.0,第4节,第4节,30.5,1.0,-30.5,0.71,134.5,0.83,134.5,0.83,30.5,4.0,,0.0,6.0,5.0,28.0,14.0,8.0,8.0,2.0,0.0,3.0,3.0,72.7,44.4,51.0,82.0,1.0,1.0,0.0,6.0,0,,21077.0,0.0,0.0
935,44.0,5.0,第4节,第4节,30.5,0.91,-30.5,0.77,134.5,0.83,134.5,0.83,30.5,4.0,,0.0,6.0,5.0,28.0,14.0,8.0,8.0,2.0,0.0,3.0,3.0,72.7,44.4,51.0,82.0,1.0,1.0,0.0,6.0,0,,21077.0,0.0,0.0
936,44.0,5.0,第4节,第4节,30.5,0.91,-30.5,0.77,134.5,0.83,134.5,0.83,30.5,4.0,,0.0,6.0,5.0,28.0,14.0,8.0,8.0,2.0,0.0,3.0,3.0,72.7,44.4,51.0,82.0,1.0,1.0,0.0,8.0,0,,21077.0,0.0,0.0
937,44.0,5.0,第4节,第4节,30.5,0.91,-30.5,0.77,134.5,0.83,134.5,0.83,30.5,4.0,,0.0,6.0,5.0,28.0,14.0,8.0,8.0,2.0,0.0,3.0,3.0,72.7,44.4,51.0,82.0,1.0,1.0,0.0,8.0,0,,11077.0,0.0,0.0
938,44.0,5.0,第4节,第4节,30.5,0.91,-30.5,0.77,134.5,0.83,134.5,0.83,30.5,4.0,,0.0,6.0,5.0,28.0,14.0,8.0,8.0,2.0,0.0,3.0,3.0,72.7,44.4,51.0,82.0,1.0,1.0,0.0,1.0,0,,11077.0,0.0,0.0
939,44.0,5.0,第4节,第4节,30.5,0.0,-31.5,0.0,134.5,0.83,134.5,0.83,-31.5,4.0,,0.0,6.0,5.0,28.0,14.0,8.0,8.0,2.0,0.0,3.0,3.0,72.7,44.4,51.0,82.0,1.0,1.0,0.0,1.0,0,,11077.0,0.0,0.0
940,44.0,5.0,第4节,第4节,31.5,0.0,-31.5,0.0,134.5,0.83,134.5,0.83,31.5,4.0,,0.0,6.0,5.0,28.0,14.0,8.0,8.0,2.0,0.0,3.0,3.0,72.7,44.4,51.0,82.0,1.0,0.0,0.0,0.0,0,,11077.0,0.0,0.0
941,44.0,5.0,第4节,第4节,31.5,0.0,-31.5,0.0,134.5,0.83,134.5,0.83,31.5,4.0,,0.0,6.0,5.0,28.0,14.0,8.0,8.0,2.0,0.0,3.0,3.0,72.7,44.4,51.0,82.0,1.0,0.0,0.0,0.0,0,,1084.0,0.0,0.0
